6.078037543452606550e-02 2.676040830031099063e+02 1.928809150097098879e+01
1.192938265822317545e-01 5.553050335144067731e+02 3.933624761004716675e+01
1.200789568014332398e-01 6.101998776254662289e+02 3.961485674371861165e+01
1.513091347880045900e-01 8.193153534617440528e+02 5.089881379923817661e+01
1.596551134443321140e-01 8.399216290376371035e+02 5.398028715516052500e+01
1.631709205405460217e-01 6.865519015896584278e+02 5.528661196831433244e+01
1.716288349624046916e-01 7.746571039433385977e+02 5.844909141173171463e+01
1.909454483490973520e-01 9.073221927876404607e+02 6.577611734989631032e+01
1.978291296545738043e-01 9.399862971334806616e+02 6.842193405509461002e+01
1.993128951450089392e-01 1.004093484001276693e+03 6.899460866388059799e+01
1.999074981407132079e-01 9.930263347239763334e+02 6.922433746448787417e+01
2.275886978706191666e-01 1.248908545147738550e+03 8.006709742252645867e+01
2.325624644877033464e-01 1.215770639086094661e+03 8.204572526458487403e+01
2.340320430917265382e-01 1.334106708949694848e+03 8.263209635902461514e+01
2.345882149301311004e-01 1.148037561468494459e+03 8.285422066505192618e+01
2.453295957183352360e-01 1.216666515042664287e+03 8.716646321553940879e+01
2.572204164882270216e-01 1.301634135143028061e+03 9.198935290102532747e+01
2.620491374755856140e-01 1.264111706124252805e+03 9.396250198946312082e+01
2.737296778562856026e-01 1.376708516725163236e+03 9.877012680357486829e+01
2.742851444296104391e-01 1.581964220024016868e+03 9.899996675954132286e+01
2.753198067422689133e-01 1.345374923995879499e+03 9.942838007064837313e+01
2.995395406111928671e-01 1.222419351428612572e+03 1.095646987922024351e+02
3.010769730960531909e-01 1.355471994635017836e+03 1.102150596454950744e+02
3.027977552878840517e-01 1.692924091145344846e+03 1.109439518227560484e+02
3.038915422878590844e-01 1.661290345721075937e+03 1.114077926777900700e+02
3.041061162148384067e-01 1.565103766608050591e+03 1.114988352783946226e+02
3.052165531387521780e-01 1.562828399284572924e+03 1.119702419162267262e+02
3.056637437377229261e-01 1.584016620617710032e+03 1.121602050520757388e+02
3.061718415375855318e-01 1.615990242345686738e+03 1.123761247932627754e+02
3.067483592722667907e-01 1.294632715842625203e+03 1.126212278323804270e+02
3.073747092471238451e-01 1.559995238176502198e+03 1.128876465171534420e+02
3.104890954522508961e-01 1.380151908423409850e+03 1.142143579910432152e+02
3.125529414830915953e-01 1.573175876772720130e+03 1.150953795780172726e+02
3.189342049051188122e-01 1.856077443633747862e+03 1.178286492730745749e+02
3.200674511455754989e-01 1.671424383917325713e+03 1.183155009578535584e+02
3.240176691273209397e-01 1.470886561080540787e+03 1.200159552569757722e+02
3.266971898487741610e-01 1.706625644831909767e+03 1.211724189439412243e+02
3.300701958183338558e-01 1.848592555446618007e+03 1.226316309859088420e+02
3.346057545994515769e-01 1.618807005353996374e+03 1.245998107023195303e+02
3.366679108371838924e-01 1.830425334410553432e+03 1.254969509729837824e+02
3.391204802954174147e-01 1.856457168834237336e+03 1.265657896042127533e+02
3.418172836929019853e-01 1.721207977327584331e+03 1.277433796856619779e+02
3.429789679501273891e-01 1.711493103524803473e+03 1.282513874911587379e+02
3.431136610305406398e-01 2.111062193438750910e+03 1.283103181399133632e+02
3.472866057679042107e-01 1.718111376980454452e+03 1.301390347162703733e+02
3.485770481969213130e-01 1.676441629980714879e+03 1.307057132144761340e+02
3.519157799285902999e-01 1.888864395389856327e+03 1.321744150137874385e+02
3.529171000657837509e-01 1.746896392292770315e+03 1.326156087900468492e+02
3.702572185727100451e-01 1.936766125342226815e+03 1.403077970836983468e+02
3.729812467709870405e-01 1.971723984496779622e+03 1.415250496100927364e+02
3.734563865681820860e-01 1.874989817219367978e+03 1.417376139032730578e+02
3.803579738770339613e-01 1.892977794389140399e+03 1.448333507109684319e+02
3.813915961222955620e-01 2.192134700207122023e+03 1.452982969239057809e+02
3.839084026794488680e-01 2.328869235778663096e+03 1.464318346699222957e+02
3.850120406456778444e-01 2.105557861070788022e+03 1.469295341388190366e+02
3.858174292077510281e-01 2.110672262540458178e+03 1.472929781998860221e+02
3.870895302023707463e-01 2.285221812448507990e+03 1.478674522643454736e+02
3.872831282552498533e-01 2.239061572691616220e+03 1.479549250472183815e+02
3.874315255019241122e-01 2.118254092861657682e+03 1.480219829268087040e+02
3.884472857950249658e-01 2.373806779306040426e+03 1.484811726197072517e+02
3.885767976156269676e-01 2.111180406811778994e+03 1.485397438317545493e+02
3.892149951275246655e-01 2.053783322401108308e+03 1.488284435548407600e+02
3.936800353597298407e-01 2.295064242553289660e+03 1.508518750609420636e+02
3.954778775782111233e-01 1.994724062761526966e+03 1.516683779493888835e+02
3.991717821973964631e-01 2.299414966004309917e+03 1.533491702610411664e+02
4.013151846751503160e-01 1.962539515124223044e+03 1.543264118115293115e+02
4.029947019739557046e-01 1.798634364985130105e+03 1.550931548128014583e+02
4.048702815932642696e-01 1.927632835543476631e+03 1.559504423044795089e+02
4.085200652826936341e-01 2.274697225255664307e+03 1.576218086119349095e+02
4.105893373649506795e-01 2.316616503091843697e+03 1.585712326270925416e+02
4.183269122880062252e-01 2.263900340253866489e+03 1.621330672357157709e+02
4.189093694910967502e-01 2.254097749710448625e+03 1.624019324567723288e+02
4.211655829052395883e-01 2.360788171253353084e+03 1.634443901192203725e+02
4.257096241265060921e-01 2.330757136241177705e+03 1.655486182061754619e+02
4.267681069082087109e-01 2.462660673303953899e+03 1.660396746576111866e+02
4.270565366154158160e-01 2.367221378892526900e+03 1.661735432195359579e+02
4.285873853694216473e-01 2.508151877209901158e+03 1.668844758489634046e+02
4.304593612528632707e-01 2.222581363156813495e+03 1.677547920545077886e+02
4.330948485616857302e-01 2.360626106999539843e+03 1.689818700934000617e+02
4.340754735291549316e-01 2.386504954443088536e+03 1.694389808675847462e+02
4.348193435362388004e-01 2.286818833207909847e+03 1.697859228543939594e+02
4.389545719641204657e-01 2.390232212332088693e+03 1.717176233918791297e+02
4.394901894132368647e-01 2.704256984362099956e+03 1.719682020768568691e+02
4.437098650580554859e-01 2.827797907892751937e+03 1.739452906142327606e+02
4.442139843242444153e-01 2.423326273373030290e+03 1.741818451863885855e+02
4.442289265705410828e-01 2.474147124972566871e+03 1.741888578868293393e+02
4.473320560551679037e-01 2.705238832032823211e+03 1.756466548593098764e+02
4.474273387029552018e-01 2.708177616561932609e+03 1.756914621579917934e+02
4.531223986585369845e-01 2.394243229697261540e+03 1.783744705892419518e+02
4.576565365585062994e-01 2.589539522175620732e+03 1.805173759860364271e+02
4.585683800471965776e-01 2.536296080736275599e+03 1.809490548454085399e+02
4.590694965983774800e-01 2.534653955021720321e+03 1.811863935481441104e+02
4.611291508271134210e-01 2.632760226975490241e+03 1.821626560643656205e+02
4.641641783509246610e-01 2.696456520575920877e+03 1.836034903674745067e+02
4.644991444002227743e-01 2.431750350841450654e+03 1.837626745430760877e+02
4.659287834262546557e-01 2.436783680117716358e+03 1.844424403339637593e+02
4.663484755313026531e-01 2.448051515661812573e+03 1.846421083045772775e+02
4.667286619847292317e-01 2.740614590832843078e+03 1.848230255409871461e+02
4.675854033071395466e-01 2.594602969355039022e+03 1.852308716509026851e+02
4.692194295909226653e-01 2.483273348108391929e+03 1.860093274141381414e+02
4.699150947415605684e-01 2.693848552913769709e+03 1.863409786405791237e+02
4.728151626501708726e-01 2.372734542154353221e+03 1.877250585147088202e+02
4.732514902913678156e-01 2.730982859902044765e+03 1.879335086526212990e+02
4.746511367218132493e-01 2.882118865112388448e+03 1.886025413792363565e+02
4.780003094281701226e-01 2.851490337927794371e+03 1.902057289930336594e+02
4.783924224815980786e-01 2.672720827292181184e+03 1.903936361123460301e+02
4.810656961025515654e-01 2.894220150874858973e+03 1.916758823857662435e+02
4.834420660151286797e-01 2.604333460424673831e+03 1.928174257561893228e+02
4.885390007597170126e-01 3.032364551192848921e+03 1.952712551840813830e+02
4.887016097119639135e-01 2.679813919435332082e+03 1.953496613034626819e+02
4.896631641191644402e-01 2.948384426045435703e+03 1.958134521148486158e+02
4.920828679024556451e-01 2.792905000846741586e+03 1.969817108276573947e+02
4.952590163715344662e-01 3.375763041252463154e+03 1.985176857211455399e+02
4.983514160365654089e-01 2.816601162392847527e+03 2.000158737838758327e+02
4.993461917201376110e-01 2.855874302245047602e+03 2.004983845928844062e+02
4.999032566836932867e-01 2.415781652909282457e+03 2.007687065389247323e+02
5.026816476265545397e-01 2.752656486406461681e+03 2.021182406958029389e+02
5.067189879009791342e-01 2.627185402218080981e+03 2.040830950460713780e+02
5.069193934879033803e-01 2.736710103730843457e+03 2.041807440082370135e+02
5.079912790785883203e-01 2.797507386388851501e+03 2.047032156818203532e+02
5.090635545155161035e-01 2.821447820807698008e+03 2.052261944601355310e+02
5.097541112588470646e-01 2.725854388386896062e+03 2.055631660349850165e+02
5.114811540450342475e-01 3.135242333418130329e+03 2.064064870062860848e+02
5.122825759185702932e-01 2.851797737053516357e+03 2.067981024984404144e+02
5.130559244879157044e-01 2.629004131817112466e+03 2.071761670575132257e+02
5.159366187865609410e-01 3.016493641616050809e+03 2.085858851612461251e+02
5.189531316931794702e-01 3.168696774795825149e+03 2.100644987871068565e+02
5.196780497929537335e-01 3.258889747694706784e+03 2.104202037490644557e+02
5.197665423171827781e-01 2.730264222984227672e+03 2.104636353166182232e+02
5.207366230932319873e-01 3.247419087922971357e+03 2.109398844044798693e+02
5.258621407710647455e-01 2.924714989202474499e+03 2.134604310185984559e+02
5.277583661758454836e-01 2.958383640138852570e+03 2.143947271584826240e+02
5.311185972999143967e-01 2.854817689955555124e+03 2.160527371535098382e+02
5.320473141526890215e-01 3.303214141090546036e+03 2.165115209512515833e+02
5.382157415127308830e-01 3.116603547394872749e+03 2.195645644302101971e+02
5.402647305500978270e-01 3.286537601327449011e+03 2.205809490504825305e+02
5.415129239439634423e-01 3.373509910638812471e+03 2.212006518366812031e+02
5.421642265228856505e-01 3.186646342357970752e+03 2.215241744044184031e+02
5.435505459212577328e-01 3.214914561037185649e+03 2.222131770315576489e+02
5.461704752623987025e-01 3.670055716609515457e+03 2.235166725134023693e+02
5.464744286430318621e-01 3.111464037388385805e+03 2.236680159164440340e+02
5.465681099191507242e-01 3.064019088794434992e+03 2.237146662777037704e+02
5.472538270417509620e-01 3.021022759611846595e+03 2.240562024628723918e+02
5.490594877243402117e-01 2.695088974458077701e+03 2.249561425413122606e+02
5.496450017013206901e-01 2.971904710027550209e+03 2.252481462964545642e+02
5.538531188813299311e-01 3.069363182736136423e+03 2.273494351718353528e+02
5.571652050468610673e-01 3.191962663056674046e+03 2.290065521791181880e+02
5.606041678031370434e-01 3.341081610384025680e+03 2.307301683329318394e+02
5.633651155958142587e-01 3.480937837709496307e+03 2.321161797763348886e+02
5.651484064478005109e-01 3.295802875427525578e+03 2.330124485526692411e+02
5.679834800158531927e-01 3.263484310222189833e+03 2.344390216544170471e+02
5.684372983115530964e-01 3.142459250991922090e+03 2.346675690867202775e+02
5.689793261157402027e-01 3.193465582148279736e+03 2.349406089720181967e+02
5.700361154398091434e-01 3.000160978110027372e+03 2.354731703119082624e+02
5.714402017810171763e-01 3.399400791712008413e+03 2.361811919437045617e+02
5.718070853378717233e-01 3.329986570983674937e+03 2.363662789849256569e+02
5.727132324031702915e-01 3.767189360680217305e+03 2.368235634618242784e+02
5.739159864045478843e-01 3.663737159399287521e+03 2.374308535379694547e+02
5.743003873973132611e-01 3.723163592129050357e+03 2.376250216565865969e+02
5.757639259183272573e-01 3.373401024764055819e+03 2.383646267429578529e+02
5.758807453628784767e-01 3.710032465502948071e+03 2.384236854142698405e+02
5.762678289592071401e-01 3.402100092611020045e+03 2.386194023211520232e+02
5.775700090365976092e-01 2.826158708777004904e+03 2.392780891133079422e+02
5.807337917952792861e-01 3.355090065096061153e+03 2.408802294789895200e+02
5.812381987920346438e-01 3.768470645404420793e+03 2.411358954860500887e+02
5.822654296126404949e-01 3.551428541843399671e+03 2.416567610917045954e+02
5.872304947451633117e-01 3.378768057194615722e+03 2.441780857441524404e+02
5.886689841641826737e-01 3.544716593819083755e+03 2.449097265125367073e+02
5.886983100907942079e-01 3.503454764429820443e+03 2.449246475827313532e+02
5.891338722409684703e-01 3.525294424517759580e+03 2.451462875308091043e+02
5.904213224923835490e-01 3.344173523883010603e+03 2.458016963780875130e+02
5.926174028577403385e-01 3.452487721595597122e+03 2.469206217545924176e+02
5.952476922256740854e-01 3.264222467086700817e+03 2.482623628404771239e+02
5.962196888634673231e-01 3.278689087197556546e+03 2.487586248483684130e+02
5.980278927793463151e-01 3.771323385796618368e+03 2.496824438916470115e+02
6.016661941805327984e-01 3.481101860223961467e+03 2.515437190580828712e+02
6.016680250425185950e-01 3.568426288612849021e+03 2.515446565096010829e+02
6.020491112347282625e-01 3.622804949853967173e+03 2.517398010691438230e+02
6.031851023922660815e-01 3.429440825850457259e+03 2.523217255506481251e+02
6.037991207941100225e-01 3.547186631210571704e+03 2.526363957425547540e+02
6.071849130063031730e-01 3.847024465639622122e+03 2.543731988161885909e+02
6.079271794940293017e-01 3.507921766009955263e+03 2.547543333392094951e+02
6.089100417357268258e-01 3.249495554693600752e+03 2.552592149121019531e+02
6.111550422856624198e-01 3.512519370759243884e+03 2.564133229108550154e+02
6.111644020523476772e-01 3.576579949817472425e+03 2.564181371451905420e+02
6.142352941393024457e-01 3.295700457391300915e+03 2.579988141863540250e+02
6.155297175785227060e-01 3.764684270145302889e+03 2.586657778149436240e+02
6.203026122870798353e-01 3.612808872866415186e+03 2.611285606824646379e+02
6.258203895414883311e-01 3.692038923045296997e+03 2.639825380024798278e+02
6.261793975294865922e-01 3.696378397325592687e+03 2.641684818825697221e+02
6.318790933232774076e-01 3.673781939107243034e+03 2.671246932556728666e+02
6.320092102606188478e-01 3.372221959090802557e+03 2.671922701938464684e+02
6.328464083297611342e-01 4.333534075354617926e+03 2.676271697266940350e+02
6.331235154217982330e-01 4.018014689901809561e+03 2.677711552805510564e+02
6.342045421356148349e-01 3.973627995248560183e+03 2.683330336289336628e+02
6.345391406863990502e-01 4.026993279075377814e+03 2.685070019104511516e+02
6.346713306868260185e-01 3.554788296448408346e+03 2.685757389454677764e+02
6.352109357416860780e-01 3.892575854239900764e+03 2.688563692811950432e+02
6.358860569101663085e-01 3.871402125647216963e+03 2.692075739912752397e+02
6.407608508687857585e-01 3.963405574332735796e+03 2.717466830416413472e+02
6.411312749045029458e-01 3.642744254541623832e+03 2.719398526742959348e+02
6.434428374930770689e-01 3.934217844504335517e+03 2.731460196557291624e+02
6.444040076680327411e-01 3.661832124195649158e+03 2.736479242687699411e+02
6.466462802444065128e-01 4.489312546521465265e+03 2.748196359080477009e+02
6.476419543809800450e-01 4.265269782854981713e+03 2.753403071501871295e+02
6.492719395277243288e-01 3.778051327846121239e+03 2.761931794023528823e+02
6.493660672408800849e-01 3.747015169509782936e+03 2.762424496050276161e+02
6.496964190925766935e-01 3.231342080205569800e+03 2.764153852571087100e+02
6.502122657975236697e-01 3.674225858653345313e+03 2.766854762119840530e+02
6.503355639208380223e-01 4.086313848096071069e+03 2.767500427404879701e+02
6.506338714649954058e-01 4.150813590769729672e+03 2.769062696402407369e+02
6.514495552359400588e-01 3.980193706900003690e+03 2.773335575673963831e+02
6.544099616755992832e-01 4.092217326356490958e+03 2.788856328870071479e+02
6.550659631273061390e-01 4.057257927782926345e+03 2.792298343074482432e+02
6.554716878020150350e-01 4.203217165863805349e+03 2.794427662218307660e+02
6.560500121564897258e-01 4.376282152184609004e+03 2.797463473644860414e+02
6.570324575257878719e-01 4.188291488941853459e+03 2.802622415148555319e+02
6.583562311337641804e-01 4.456055725303899635e+03 2.809577229680043615e+02
6.584333515003513160e-01 3.910434264224491017e+03 2.809982527394677732e+02
6.618100532769894961e-01 3.927491999808039964e+03 2.827741811060307100e+02
6.624631694596951892e-01 3.496958278773486199e+03 2.831179800538715199e+02
6.625026140862098067e-01 4.079338219033216319e+03 2.831387467469558032e+02
6.625578725150060855e-01 4.084278946242704478e+03 2.831678396438280174e+02
6.639391252526409826e-01 3.837078080458018576e+03 2.838952794754604270e+02
6.652782991820203051e-01 4.162568116957809252e+03 2.846009745613342261e+02
6.668347953804587558e-01 4.084530718527762929e+03 2.854217043816356068e+02
6.671032848282480998e-01 4.080283066068729113e+03 2.855633328357532150e+02
6.674932905581286713e-01 4.322106808835259471e+03 2.857690904714420412e+02
6.691441462016386454e-01 3.919824954184062335e+03 2.866404251516547674e+02
6.700019592654721245e-01 3.976544013794096372e+03 2.870934300066393803e+02
6.702739578049029534e-01 4.320500530438392161e+03 2.872371053127516234e+02
6.703379887083381616e-01 4.130699550820115292e+03 2.872709302114178627e+02
6.723862756458323098e-01 4.496924420721176830e+03 2.883534461006730680e+02
6.733778369259996177e-01 4.475203147941137104e+03 2.888778253175680675e+02
6.734942216832957573e-01 4.311107241345166585e+03 2.889393890263513640e+02
6.736979557808753238e-01 4.276022122279486211e+03 2.890471650259385683e+02
6.746510453894662973e-01 4.340482065316465196e+03 2.895514769296664213e+02
6.756016921092454774e-01 3.987246917754042897e+03 2.900547002440476945e+02
6.763927593186996878e-01 4.247606184851027137e+03 2.904736055573407043e+02
6.768507394715729264e-01 3.550169956269748582e+03 2.907161908016277607e+02
6.789200071305796502e-01 4.118905618340662841e+03 2.918128385377870586e+02
6.807082283815119039e-01 4.412220654363295580e+03 2.927613140583312088e+02
6.815193414429498997e-01 4.143742444229303146e+03 2.931917657900072527e+02
6.817381777657250952e-01 4.419752312904091013e+03 2.933079258177410793e+02
6.820723632630965039e-01 3.969930652573976204e+03 2.934853347405583577e+02
6.834059091494621985e-01 4.401402586534954025e+03 2.941935220622224847e+02
6.840207447841175625e-01 4.299594370346922915e+03 2.945201677557127482e+02
6.854975733848026609e-01 4.102493907327859233e+03 2.953051113417678835e+02
6.865830296283539358e-01 4.273054505629348569e+03 2.958823475278724118e+02
6.904057515345971563e-01 4.394685006663677086e+03 2.979173198526380588e+02
6.905800389026194308e-01 3.827939078708253419e+03 2.980101764291011932e+02
6.906474961931959866e-01 3.770167805784779375e+03 2.980461180314469516e+02
6.907721681194025631e-01 4.316617695911851115e+03 2.981125465429552150e+02
6.911420469144387013e-01 4.463448382577198572e+03 2.983096479981142579e+02
6.912079092187146667e-01 4.537637288998178519e+03 2.983447479525236758e+02
6.941188372325766132e-01 3.904927823772046395e+03 2.998970229805227632e+02
6.942979211805696549e-01 4.311386589947339417e+03 2.999925818676488234e+02
6.947569628096229577e-01 3.925956982096204683e+03 3.002375579240411980e+02
6.949450279698708988e-01 4.184917808511460862e+03 3.003379357617374694e+02
6.962404799634726027e-01 3.718535705971807147e+03 3.010295811124213969e+02
6.963045414470944161e-01 4.575086911739835159e+03 3.010637932792123479e+02
6.965397686569736457e-01 4.516074493977368547e+03 3.011894245809989457e+02
6.965973749939953219e-01 4.580851441027572946e+03 3.012201931073544756e+02
6.975822602428469743e-01 4.172745784179052862e+03 3.017463497288703707e+02
6.995962023316013578e-01 4.067844398564503081e+03 3.028229224783041218e+02
7.008705260273858650e-01 3.794250098163812254e+03 3.035045831365985691e+02
7.033367094509496154e-01 4.518392350172473925e+03 3.048247993422955346e+02
7.042727465993634528e-01 4.211336079856245306e+03 3.053262327140124057e+02
7.048224942188844322e-01 4.155619413016823273e+03 3.056208203022169414e+02
7.051201845205661289e-01 4.376798846262699044e+03 3.057803679419126297e+02
7.055478685100082803e-01 4.268492680107601700e+03 3.060096196129570103e+02
7.055921656525050434e-01 4.125899338992297089e+03 3.060333665027638972e+02
7.064842628987705320e-01 4.459134497788604676e+03 3.065116941856193762e+02
7.076952979140898048e-01 4.607707377508772879e+03 3.071613070631080973e+02
7.078210784738054873e-01 4.571465286132296569e+03 3.072287953870507522e+02
7.090556477602979468e-01 4.646875525165040926e+03 3.078913927265596726e+02
7.113391964871590423e-01 4.661343795407829930e+03 3.091178485383586008e+02
7.160219511477146082e-01 4.363130771404661573e+03 3.116363896394929611e+02
7.170370094724053400e-01 4.106526986890460648e+03 3.121829423558746726e+02
7.172381356209640568e-01 4.376397798031152888e+03 3.122912638370436298e+02
7.175088793641080098e-01 4.229077732124229442e+03 3.124370932697279386e+02
7.184661495801774045e-01 4.500982765101834957e+03 3.129528289232954421e+02
7.187926259644616955e-01 3.989826110142254493e+03 3.131287650144483337e+02
7.208159733233839850e-01 4.918674081681163443e+03 3.142196416404067350e+02
7.210633316055762299e-01 5.109599124362150178e+03 3.143530633709548283e+02
7.218342607629478769e-01 4.729242066085452279e+03 3.147689757626322944e+02
7.226354805293813133e-01 3.989879379469889500e+03 3.152013637841928926e+02
7.233097961280443577e-01 4.663250488260057864e+03 3.155653721707408295e+02
7.237512948211303199e-01 4.814066196900564137e+03 3.158037538794055763e+02
7.248587076430352827e-01 4.581373794330998862e+03 3.164018696035072935e+02
7.249291903419561311e-01 4.203116488208383998e+03 3.164399462430307608e+02
7.263443786463286145e-01 4.679326888035398042e+03 3.172046915172549575e+02
7.270155919364191810e-01 4.532173498963261409e+03 3.175675527130319438e+02
7.278322189204822212e-01 4.491352353737704107e+03 3.180091536894607316e+02
7.301649013246598319e-01 4.440718313816504633e+03 3.192713553595005465e+02
7.314540730545434633e-01 4.273267471433913670e+03 3.199694109785456817e+02
7.315931448946408899e-01 4.612830578982138832e+03 3.200447359410323998e+02
7.324905592383056385e-01 5.000740269054379496e+03 3.205308968674180505e+02
7.332364274886579159e-01 4.558652619154432614e+03 3.209350886407392522e+02
7.341398484477937858e-01 4.890682796467890512e+03 3.214248157353844704e+02
7.347595546721230608e-01 4.969241201830525824e+03 3.217608454539739000e+02
7.350309277767179683e-01 5.274001996033420255e+03 3.219080202229262113e+02
7.351899665279424401e-01 4.699675480508425608e+03 3.219942794559871118e+02
7.428113024208127246e-01 4.628266794684238448e+03 3.261341161378433640e+02
7.431278698542260752e-01 4.418642229528338248e+03 3.263063338326676330e+02
7.447642366924134283e-01 4.718688868808009829e+03 3.271968742926455889e+02
7.453132207754677996e-01 4.278990439410934414e+03 3.274957655044713647e+02
7.459469113766075132e-01 5.051616951866108138e+03 3.278408521460972906e+02
7.463037946127172306e-01 4.832203248541810353e+03 3.280352352964708302e+02
7.475448419176095038e-01 3.810626411772667325e+03 3.287113996329503038e+02
7.481775685876462800e-01 4.397079396365053981e+03 3.290562526451408303e+02
7.486622982070633148e-01 4.617015556015333459e+03 3.293204990832651902e+02
7.487855384993375996e-01 4.716527930356634897e+03 3.293876902467416130e+02
7.490381013617323225e-01 4.663268639325762706e+03 3.295253984264141991e+02
7.495677822636601650e-01 4.980160226289544880e+03 3.298142459517699763e+02
7.497344873256186482e-01 4.567418213091097641e+03 3.299051661030599689e+02
7.504529492116048806e-01 4.798510319815241019e+03 3.302970771707030053e+02
7.505908727298571392e-01 4.654682189825599380e+03 3.303723246847861219e+02
7.519572326355333791e-01 4.335612664123821560e+03 3.311179863592014954e+02
7.521571319062380079e-01 4.326208940886541313e+03 3.312271092193437312e+02
7.546466550405828144e-01 5.121622052578752118e+03 3.325867986537942897e+02
7.553841359040984749e-01 5.250042156836167123e+03 3.329898279390037032e+02
7.563298531516939871e-01 4.995896713240694226e+03 3.335068197609253957e+02
7.567070979469916470e-01 5.271046005799998056e+03 3.337130977067344588e+02
7.573408809437874867e-01 4.496337512766452164e+03 3.340597163741337567e+02
7.573694536114652376e-01 4.678240080739324185e+03 3.340753448176845382e+02
7.623274257401551068e-01 5.268881169224245241e+03 3.367897283559425432e+02
7.671814341215067445e-01 4.997896391644910182e+03 3.394520148485020741e+02
7.680399425907488142e-01 4.805858418900714241e+03 3.399233767422867345e+02
7.692381532801421118e-01 4.355792957509464031e+03 3.405814989351182476e+02
7.693248097299161259e-01 5.004449776019070669e+03 3.406291065292300573e+02
7.709542463650786992e-01 5.591532786743408906e+03 3.415245720051038916e+02
7.713357138036240901e-01 4.814221326397450866e+03 3.417342863069353598e+02
7.727704331800765436e-01 5.296320091000233333e+03 3.425232937073612334e+02
7.729389338628233075e-01 4.597631725287226800e+03 3.426159857263221511e+02
7.736937507019605587e-01 5.753554462925807456e+03 3.430312791559076118e+02
7.738163597952327777e-01 5.014101743014785825e+03 3.430987483160748752e+02
7.795176002826332828e-01 4.512536905868025315e+03 3.462393250636505968e+02
7.816031230391341511e-01 4.983563671952270852e+03 3.473897647734626162e+02
7.826340263499454997e-01 5.462713933606326464e+03 3.479587610671740663e+02
7.827024926372805336e-01 4.899130459756420350e+03 3.479965577520071065e+02
7.840637740572238279e-01 5.235365332192282949e+03 3.487482426264877517e+02
7.844808526608260113e-01 4.709305035377784407e+03 3.489786220469110845e+02
7.846489455293294002e-01 5.367222566778428700e+03 3.490714802727418373e+02
7.862724650764402190e-01 4.691134431347933059e+03 3.499686347412002192e+02
7.863905150576876446e-01 5.121917443451427971e+03 3.500338892035364324e+02
7.881609665244356799e-01 4.814938154439891150e+03 3.510128696301454170e+02
7.882543372357452283e-01 4.653060994593350188e+03 3.510645165316537373e+02
7.903731757492400423e-01 5.162873083248948205e+03 3.522369861338725627e+02
7.911769332505809160e-01 5.001553399982170049e+03 3.526819791095261962e+02
7.912362505329548767e-01 4.723519546603404706e+03 3.527148245826473953e+02
7.917077871180930870e-01 5.157496807273608283e+03 3.529759507151685511e+02
7.954557133360526944e-01 5.496621151360731346e+03 3.550530081663476949e+02
7.962915899762936789e-01 5.079238651861576727e+03 3.555166141759792140e+02
7.965245169231447431e-01 4.608594082413780598e+03 3.556458276699557359e+02
7.997068831083800067e-01 5.358501897680544971e+03 3.574122616928706861e+02
8.009737604643146769e-01 5.055057182735992683e+03 3.581160119286995496e+02
8.012140875281537067e-01 5.125818898026730494e+03 3.582495485690719192e+02
8.017548158085349153e-01 4.955419268345322962e+03 3.585500425335705472e+02
8.019510711413444515e-01 5.179151573187758913e+03 3.586591196597701128e+02
8.023746079369635797e-01 4.924469025331036391e+03 3.588945432927837942e+02
8.031354765920013516e-01 5.064902996051114314e+03 3.593175602368071964e+02
8.047939288699628158e-01 5.170998588908339116e+03 3.602399891415049069e+02
8.063995574292688318e-01 4.889850179100767491e+03 3.611335411565380014e+02
8.074002760611042051e-01 4.961254956962297001e+03 3.616907035523660170e+02
8.076025598388658633e-01 5.355811637749297915e+03 3.618033508471659729e+02
8.077739509099254311e-01 5.568637900926405564e+03 3.618988008199319211e+02
8.078189169936463854e-01 5.392292516783653809e+03 3.619238439629771733e+02
8.083467480060948507e-01 5.700201050371248130e+03 3.622178399635887445e+02
8.085265586940670879e-01 5.250226370269569088e+03 3.623180046909809562e+02
8.104965258893320756e-01 4.893159057325121466e+03 3.634157926653079471e+02
8.159642863518906664e-01 5.633009279987284572e+03 3.664666431153132180e+02
8.163633266883304485e-01 5.840565825717724692e+03 3.666895183139329220e+02
8.183703128604905563e-01 5.307461434429934343e+03 3.678109334597840530e+02
8.222675897607882867e-01 5.771155906844806850e+03 3.699907325108621876e+02
8.231524478940783762e-01 5.760223847888783894e+03 3.704860439942694939e+02
8.247612746671635353e-01 5.166780697412365953e+03 3.713869837033158774e+02
8.251734940095258874e-01 5.218305613288245695e+03 3.716179038570045918e+02
8.267669248565676643e-01 5.188120671756791126e+03 3.725108234176939845e+02
8.297725430486601050e-01 5.171371690083295107e+03 3.741963904786851458e+02
8.306573609377040368e-01 5.643904067479862533e+03 3.746929222910852673e+02
8.313134195282446681e-01 5.675548815972027114e+03 3.750611757497247822e+02
8.327650147011108617e-01 4.855673303108342225e+03 3.758762578476094518e+02
8.330630635227724845e-01 6.278650457361755798e+03 3.760436630540012288e+02
8.331648340987135581e-01 5.143774422819246865e+03 3.761008283536355066e+02
8.337238511389771789e-01 5.522544792782544391e+03 3.764148667200059322e+02
8.355711636020445310e-01 5.145595815292012048e+03 3.774530414578198361e+02
8.362274249050599684e-01 4.868160642218408611e+03 3.778220071622803289e+02
8.363231778081280376e-01 5.851232842908930252e+03 3.778758483810389066e+02
8.364520671255082362e-01 5.462149308176323757e+03 3.779483246617758141e+02
8.365539973309211730e-01 5.658026922611300506e+03 3.780056436288522832e+02
8.370720415423239524e-01 5.513198102839897729e+03 3.782969879335631731e+02
8.382377044395363797e-01 5.432062222959204519e+03 3.789527295511301759e+02
8.390186777867660872e-01 5.393375002841093192e+03 3.793922050058075683e+02
8.394158085258092150e-01 5.782916956601245147e+03 3.796157246603165731e+02
8.406951615144913070e-01 6.187011190923796676e+03 3.803359886601400603e+02
8.407248191997677145e-01 4.738156591125026353e+03 3.803526892374922568e+02
8.409585310533960190e-01 5.225982087626050998e+03 3.804843006810903603e+02
8.424956307547929457e-01 5.091716387286343888e+03 3.813501462429736080e+02
8.431159806185438699e-01 5.665887957000946699e+03 3.816997111070559185e+02
8.436035756826849585e-01 5.515709304483388223e+03 3.819745186754637984e+02
8.469634444019045194e-01 5.123862208865551111e+03 3.838693171392849308e+02
8.481032277677005293e-01 5.477895402812937391e+03 3.845125666974407181e+02
8.487925853707841695e-01 5.385014165967567351e+03 3.849017283712218500e+02
8.493376190187436059e-01 5.895519824415210678e+03 3.852094764093374124e+02
8.508900157360715921e-01 4.849735815160771381e+03 3.860863186087672716e+02
8.517294003054757257e-01 6.028013554598273913e+03 3.865606116935165346e+02
8.519328840784055057e-01 5.266035641861161821e+03 3.866756091802592437e+02
8.519601130603946526e-01 6.063809533724799621e+03 3.866909980264592264e+02
8.526290797860027748e-01 5.461403902978546284e+03 3.870691163242975676e+02
8.535184177641416126e-01 4.787107650933942750e+03 3.875719201081258234e+02
8.535881363607487060e-01 6.154032353738371967e+03 3.876113428718087448e+02
8.536522261384531518e-01 4.902312283521586323e+03 3.876475835654379125e+02
8.542124458624417160e-01 5.614306621361327416e+03 3.879644013367353637e+02
8.546958015052985580e-01 5.755722194438991210e+03 3.882377962574776689e+02
8.562337540360364097e-01 6.051521876472228541e+03 3.891079717409768932e+02
8.567665430160004147e-01 5.191388007872803428e+03 3.894095240404373612e+02
8.570491637883760339e-01 5.674091637378233827e+03 3.895695048646449550e+02
8.585454764346720502e-01 5.235800860654514508e+03 3.904167502051546990e+02
8.591217467111704753e-01 5.662226794057479310e+03 3.907431547343487637e+02
8.616503967643980300e-01 6.186082234857703043e+03 3.921761098924966973e+02
8.619289848578758351e-01 6.169171100435150038e+03 3.923340525610263967e+02
8.622566692951101341e-01 5.059390151617010815e+03 3.925198477074989114e+02
8.634607428886964531e-01 4.881767324060725514e+03 3.932027155511917158e+02
8.636986598927626213e-01 6.195481695834762832e+03 3.933376764438440887e+02
8.651846571449326451e-01 5.354009168871981274e+03 3.941808528565958909e+02
8.659805181217959946e-01 5.800343766360122572e+03 3.946325981264445204e+02
8.686044661547063228e-01 6.382075765510209749e+03 3.961227989693827567e+02
8.690903387479111952e-01 6.144930958378645300e+03 3.963988717390203078e+02
8.692206630279833979e-01 5.915790701002772948e+03 3.964729291225312409e+02
8.695353300320010081e-01 5.901185863418573717e+03 3.966517525646734725e+02
8.700255290830886112e-01 5.485810535310367413e+03 3.969303648976773502e+02
8.701296711230015468e-01 5.152105154521102122e+03 3.969895611577136947e+02
8.701435031808282261e-01 5.694262928646809996e+03 3.969974236998423294e+02
8.710042555856403190e-01 5.297920960560332787e+03 3.974867670802010480e+02
8.726984726698341355e-01 5.670575628179127307e+03 3.984503242617059300e+02
8.732932952201303278e-01 5.892755604202995528e+03 3.987887400111753209e+02
8.733512418215508832e-01 5.682921686987251633e+03 3.988217112433344482e+02
8.744445035899420793e-01 5.728465089445850936e+03 3.994438811730366865e+02
8.749654788488075985e-01 6.187240346872886221e+03 3.997404399203370531e+02
8.753975222435506076e-01 6.188178216892528326e+03 3.999864116343493947e+02
8.755349341806210051e-01 5.425584869552561031e+03 4.000646501449697894e+02
8.755441530206643508e-01 5.559522908835154340e+03 4.000698992136499328e+02
8.770029393867614376e-01 5.862149506327533345e+03 4.009006989302770876e+02
8.777388890105313202e-01 5.607293270144307826e+03 4.013199749976885187e+02
8.782610402691717333e-01 6.226710822213456595e+03 4.016175062990250240e+02
8.786135111897585004e-01 5.783401519209240178e+03 4.018183777493231901e+02
8.788666211192706079e-01 5.751918789476914753e+03 4.019626373246476874e+02
8.800154669524388185e-01 5.544157699323021916e+03 4.026175614690117186e+02
8.808290768134389159e-01 5.688225355449914787e+03 4.030815172347591897e+02
8.810111232846010720e-01 5.910394830287805235e+03 4.031853439445164895e+02
8.814655619815311427e-01 5.353690031068171265e+03 4.034445496663180393e+02
8.829340330960341321e-01 6.423499755241275125e+03 4.042823929739644768e+02
8.838293605009145404e-01 5.756616500893168450e+03 4.047934113756426768e+02
8.840946289530269286e-01 6.516557833355486764e+03 4.049448432777124935e+02
8.866714620873219488e-01 5.885214973459153953e+03 4.064165001620391990e+02
8.890927340665276679e-01 5.740091892392221780e+03 4.078003674351277823e+02
8.891783995135136287e-01 6.029864495389490912e+03 4.078493477907847478e+02
8.915409778274109298e-01 5.643574664681124887e+03 4.092006845834999353e+02
8.922262022476289411e-01 5.672707207090226802e+03 4.095927969024860431e+02
8.927828795631824743e-01 5.356900721427126882e+03 4.099114092764090174e+02
8.927980686392597010e-01 5.919363967154066813e+03 4.099201034430031427e+02
8.928265537400131846e-01 5.876399277712165713e+03 4.099364083085670245e+02
8.933652274518525394e-01 6.351768297214486665e+03 4.102447714069840572e+02
8.962882285784511405e-01 5.336856019052507691e+03 4.119189122962382612e+02
8.966960421266518821e-01 5.859190340527587978e+03 4.121526033389818622e+02
8.972286766292577598e-01 5.823253823560963610e+03 4.124578640975690860e+02
8.982958854631618584e-01 5.970213263407264094e+03 4.130696440143356654e+02
8.990436382867608156e-01 5.985686145630153078e+03 4.134984115020773174e+02
9.004727149878649639e-01 6.382431437660562551e+03 4.143181221976607844e+02
9.004919975526909370e-01 5.962536034389117958e+03 4.143291849643949831e+02
9.009993407803418286e-01 6.609348238801563639e+03 4.146202800879302686e+02
9.011273212094937923e-01 5.506677082624717514e+03 4.146937175666430448e+02
9.023135091860750023e-01 5.508007156418351769e+03 4.153745068704358800e+02
9.026206571522777944e-01 5.687524126352460371e+03 4.155508275972950969e+02
9.032732500879393500e-01 6.131564153407783124e+03 4.159255072055490245e+02
9.034848522042883134e-01 5.775348130698350360e+03 4.160470120124147115e+02
9.049555021289213963e-01 6.333166615030840148e+03 4.168916900169585347e+02
9.056206010487690694e-01 6.592683563601848618e+03 4.172738151585296009e+02
9.078347200289339503e-01 5.878598077966524215e+03 4.185464543297093201e+02
9.083420837661471126e-01 5.863851687222399960e+03 4.188381958729838743e+02
9.084158455149137223e-01 5.584445233838510831e+03 4.188806135882184662e+02
9.085263887494894330e-01 5.573627572413302005e+03 4.189441847333839632e+02
9.091095769827716166e-01 6.901400820852459219e+03 4.192795986013849756e+02
9.093981731507959632e-01 6.038493326605494076e+03 4.194456026133405544e+02
9.096232008724327578e-01 6.166531612645403584e+03 4.195750510715238875e+02
9.113760155490183701e-01 5.305793546556982619e+03 4.205836608239885095e+02
9.119732866844191266e-01 5.959838355041091745e+03 4.209274629531988694e+02
9.123891143130120618e-01 6.694764351092525430e+03 4.211668578555824070e+02
9.127912404349304287e-01 6.237010125851229532e+03 4.213983924552962321e+02
9.137905853117065380e-01 6.433336424578908918e+03 4.219739094062302911e+02
9.140249904849429008e-01 6.721516863587868102e+03 4.221089263601099901e+02
9.141676137961289861e-01 5.290389872717643811e+03 4.221910816564183051e+02
9.146724061335614886e-01 5.509912631715728821e+03 4.224818846633810381e+02
9.154100251493543228e-01 6.336329832345271825e+03 4.229068925974833633e+02
9.178472895303485535e-01 6.077463507091987594e+03 4.243118675071129360e+02
9.179301071447186766e-01 5.649492473155329208e+03 4.243596257027930392e+02
9.182967392731734568e-01 6.386373369900268699e+03 4.245710642085038558e+02
9.209910789283514143e-01 5.585892864576495413e+03 4.261255931143774092e+02
9.221278802941067498e-01 5.454559882009006287e+03 4.267818471040097279e+02
9.224286630902062134e-01 6.649003971940976953e+03 4.269555194130534801e+02
9.237611953169491130e-01 6.722722245424788525e+03 4.277251063218517970e+02
9.249734842973045268e-01 5.053830186777925519e+03 4.284255050855778109e+02
9.251878693408438492e-01 5.812335479743769611e+03 4.285493912650226207e+02
9.256879762708689618e-01 6.596775588753848751e+03 4.288384165654842377e+02
9.257894793586656235e-01 6.161700555734617410e+03 4.288970830130706418e+02
9.258169865329903825e-01 6.108967999937866807e+03 4.289129818211421821e+02
9.260372703795667348e-01 5.656858600581121209e+03 4.290403077041300435e+02
9.273722486193489711e-01 6.046890743199120152e+03 4.298121084299039580e+02
9.280676444256339419e-01 5.750141520959936315e+03 4.302142597381448468e+02
9.287109268490246761e-01 5.577312883772474379e+03 4.305863448981683632e+02
9.294941242509352497e-01 6.234267817623156589e+03 4.310394516311283155e+02
9.299749909970334016e-01 5.790229574808850884e+03 4.313176999007451968e+02
9.312687227411258206e-01 5.861411797196875341e+03 4.320664932200148201e+02
9.315894152048598276e-01 6.275655966474892921e+03 4.322521481320636099e+02
9.317716549941142956e-01 6.277297858208875368e+03 4.323576577399201710e+02
9.322298078619154493e-01 6.273442318705803700e+03 4.326229342612739401e+02
9.333201796117092108e-01 5.443078073839168610e+03 4.332544129108247830e+02
9.334347971591506754e-01 6.802928077849061992e+03 4.333208039672202290e+02
9.339724296717223373e-01 5.969508713524379345e+03 4.336322510189650643e+02
9.340495955883928447e-01 6.214179862386798050e+03 4.336769566394693243e+02
9.347414255954943352e-01 5.814504193262371700e+03 4.340778080246404329e+02
9.351519845288234212e-01 5.336797679233945018e+03 4.343157260734697047e+02
9.364360353953312677e-01 6.647954954067008657e+03 4.350600095083784140e+02
9.365703727479748331e-01 6.645398611787950358e+03 4.351378920433376152e+02
9.379096262647496074e-01 5.878687213612334745e+03 4.359144905165621822e+02
9.380045920877573273e-01 6.166222052309381979e+03 4.359695698946586617e+02
9.400687658076671838e-01 6.528216549336924800e+03 4.371671377520847841e+02
9.406492537036186263e-01 6.001488073885260746e+03 4.375040437531821453e+02
9.407960513445711159e-01 6.374059651682007825e+03 4.375892514960108315e+02
9.412870226418471598e-01 6.529155945300999520e+03 4.378742581541908976e+02
9.423840702249043355e-01 6.934017152901222289e+03 4.385112313980129670e+02
9.429835178449246236e-01 6.286473784435643211e+03 4.388593684834551141e+02
9.443406846473895166e-01 5.963097980903206917e+03 4.396477769313174235e+02
9.480827953981284528e-01 6.805246512585653363e+03 4.418232010814978707e+02
9.481291323833478391e-01 6.282991446280926539e+03 4.418501526622832785e+02
9.483661540021973702e-01 6.197827453078238250e+03 4.419880200468184057e+02
9.484184136991246072e-01 5.972885482887410944e+03 4.420184189508410668e+02
9.484743869093018587e-01 6.760162957844482662e+03 4.420509784553540271e+02
9.488599779175916904e-01 5.419828782349355606e+03 4.422752897359133044e+02
9.502682333310846774e-01 6.769466080090933247e+03 4.430947233872200286e+02
9.510385494930568839e-01 6.184865465456920901e+03 4.435430892614265304e+02
9.510857435639152868e-01 6.832121925879981973e+03 4.435705618859776109e+02
9.522205652094571926e-01 6.867519427362547503e+03 4.442312726028298471e+02
9.551061085627828851e-01 6.035456217505161476e+03 4.459122135753224256e+02
9.556953611364993328e-01 6.319817381423626102e+03 4.462556404378412935e+02
9.563283485749031199e-01 6.818620399313790585e+03 4.466246187646323733e+02
9.563872475878480994e-01 7.088696124713433164e+03 4.466589551895818317e+02
9.572696905788247168e-01 6.482786640935775722e+03 4.471734604934703157e+02
9.577981724258988194e-01 7.243036843400714133e+03 4.474816496506159069e+02
9.599848647895039555e-01 6.137037161408476095e+03 4.487573142498772540e+02
9.603796567262297135e-01 5.869696922624020772e+03 4.489877078587590518e+02
9.610152669744486120e-01 6.118453647285953593e+03 4.493586909856516627e+02
9.612721029466170242e-01 6.521408954916386392e+03 4.495086152802572315e+02
9.619669093919979153e-01 5.924180848163050541e+03 4.499142511630190597e+02
9.635187326345295844e-01 6.724836785083290124e+03 4.508205004615369376e+02
9.638512502566928264e-01 6.194597806901238982e+03 4.510147372216769668e+02
9.675603419225601298e-01 6.923377978157839607e+03 4.531825535800549574e+02
9.698290011528193366e-01 6.099670746978752504e+03 4.545095670744810263e+02
9.698511650334831202e-01 6.407445704213272620e+03 4.545225354642605566e+02
9.705637363788205407e-01 6.257576757588665714e+03 4.549395119667822200e+02
9.709703584801392395e-01 6.617557748428337618e+03 4.551774915146468743e+02
9.713456082750208109e-01 6.697312179164430745e+03 4.553971332128623999e+02
9.714878242785988105e-01 7.291572608440911608e+03 4.554803810607533592e+02
9.718833818480443476e-01 6.957636427726881266e+03 4.557119421757084865e+02
9.729811789241527009e-01 6.886532245625051473e+03 4.563547262317000559e+02
9.749491639995179204e-01 6.847667565461336380e+03 4.575074979938655702e+02
9.755420121836549940e-01 6.437862135682925327e+03 4.578548852299319947e+02
9.758113196714327531e-01 6.282594088460368766e+03 4.580127076989113561e+02
9.764342845548805716e-01 6.826424303227544442e+03 4.583778277840988835e+02
9.766614581645729487e-01 6.539524995688168929e+03 4.585109894804490409e+02
9.769367556045912560e-01 6.275901390414294838e+03 4.586723706006714565e+02
9.771894557892925048e-01 7.406519167430707967e+03 4.588205154964542771e+02
9.780232650335349831e-01 6.977092736740189139e+03 4.593094050162998769e+02
9.787748848858143225e-01 6.356782831251497555e+03 4.597501972648157675e+02
9.805713062148307957e-01 7.092789716777231661e+03 4.608040769342760541e+02
9.806919658623224345e-01 7.204032466429644046e+03 4.608748805466333920e+02
9.813387900935101049e-01 6.480432404345488976e+03 4.612544784858027924e+02
9.827555141073957001e-01 7.294399407844067355e+03 4.620861303064746721e+02
9.837943776146237385e-01 6.956220823005890452e+03 4.626961668378978061e+02
9.838466638715575030e-01 7.201500752294606173e+03 4.627268745536578649e+02
9.843890741711902592e-01 5.949468498897732388e+03 4.630454571031541491e+02
9.847657681698921417e-01 6.995166305792815365e+03 4.632667336718363345e+02
9.855424852825455106e-01 6.621644235637340898e+03 4.637230601261672973e+02
9.874519795578916570e-01 6.220580797443611118e+03 4.648452975012757520e+02
9.881751098436217795e-01 6.905293981711904053e+03 4.652704387047585328e+02
9.886647395543191053e-01 5.956036954157750188e+03 4.655583465749840570e+02
9.894069799307309010e-01 7.366571409594453144e+03 4.659948629111709124e+02
9.894474009636121670e-01 7.198397421001461225e+03 4.660186372186707899e+02
9.903289069676458611e-01 7.646492919204162718e+03 4.665371723341716574e+02
9.911332956956644402e-01 6.960396925613090389e+03 4.670104485375169361e+02
9.942137126148637982e-01 7.150763850921782250e+03 4.688237852081946926e+02
9.953117076400459506e-01 6.316513290018539010e+03 4.694704893374482708e+02
9.954951934963230942e-01 7.027257968334455654e+03 4.695785780099158160e+02
9.958626815659693543e-01 6.317259897399774673e+03 4.697950750227976755e+02
9.959478657722476980e-01 7.464756699778383336e+03 4.698452622575546798e+02
9.971955181070075724e-01 7.013862375211600011e+03 4.705804577885522804e+02
9.973223517762791479e-01 7.782396195101999183e+03 4.706552095118640295e+02
9.980176012276327224e-01 7.157043963989423901e+03 4.710650110117501299e+02
9.998201456435396040e-01 7.232285190963140849e+03 4.721278296794139919e+02
