6.078037543452606550e-02 2.398449154393908884e+02 1.941499524968457635e+01
1.192938265822317545e-01 5.067599410094246650e+02 3.977433052838504324e+01
1.200789568014332398e-01 6.108473293025735984e+02 4.005806011278075829e+01
1.513091347880045900e-01 7.711517514578795272e+02 5.156141166830497724e+01
1.596551134443321140e-01 7.209517445115072860e+02 5.470608624891369942e+01
1.631709205405460217e-01 8.164965806584172014e+02 5.603953126131951734e+01
1.716288349624046916e-01 8.378115139459789589e+02 5.926836986040214583e+01
1.909454483490973520e-01 8.652477205248767405e+02 6.675217012854008658e+01
1.978291296545738043e-01 1.135499228449579959e+03 6.945536005432059312e+01
1.993128951450089392e-01 9.089230945625336062e+02 7.004049170594976204e+01
1.999074981407132079e-01 9.651069302460443851e+02 7.027522110943921518e+01
2.275886978706191666e-01 1.128603809207703307e+03 8.135537058956523992e+01
2.325624644877033464e-01 1.311048467164798240e+03 8.337741714064699750e+01
2.340320430917265382e-01 1.245800592297007142e+03 8.397665070473524906e+01
2.345882149301311004e-01 1.138218872451246625e+03 8.420364665561481843e+01
2.453295957183352360e-01 1.273200224863911671e+03 8.861033118193594760e+01
2.572204164882270216e-01 1.166166829930714357e+03 9.353836542314196834e+01
2.620491374755856140e-01 1.366638915795628236e+03 9.555432520964915000e+01
2.737296778562856026e-01 1.241514577527375650e+03 1.004656211871137828e+02
2.742851444296104391e-01 1.459401439705968642e+03 1.007003920147138700e+02
2.753198067422689133e-01 1.463170311539572140e+03 1.011379896207364624e+02
2.995395406111928671e-01 1.451348213064130732e+03 1.114887463329226733e+02
3.010769730960531909e-01 1.817841282710162204e+03 1.121526574189774266e+02
3.027977552878840517e-01 1.527394850791397175e+03 1.128967033395431656e+02
3.038915422878590844e-01 1.481837633504515907e+03 1.133701692790360767e+02
3.041061162148384067e-01 1.449680009785288803e+03 1.134630994119907825e+02
3.052165531387521780e-01 1.833352328026599253e+03 1.139442705810538854e+02
3.056637437377229261e-01 1.531542925246101959e+03 1.141381643180848187e+02
3.061718415375855318e-01 1.761303997022277827e+03 1.143585487783116577e+02
3.067483592722667907e-01 1.663323727269115352e+03 1.146087161466981854e+02
3.073747092471238451e-01 1.613545001654676071e+03 1.148806349423324775e+02
3.104890954522508961e-01 1.664140368480972256e+03 1.162346630413502311e+02
3.125529414830915953e-01 1.817085831533700684e+03 1.171337566270975259e+02
3.189342049051188122e-01 1.708411652037708791e+03 1.199227377399759291e+02
3.200674511455754989e-01 1.735435453236935246e+03 1.204194552424877145e+02
3.240176691273209397e-01 1.646193546310193369e+03 1.221542286356742437e+02
3.266971898487741610e-01 1.858381490140079222e+03 1.233339063398460951e+02
3.300701958183338558e-01 1.901281934433868628e+03 1.248222611486048663e+02
3.346057545994515769e-01 1.797755242779714081e+03 1.268294813424800935e+02
3.366679108371838924e-01 1.738841622937649845e+03 1.277443136352447084e+02
3.391204802954174147e-01 1.718806444344559850e+03 1.288341444533648712e+02
3.418172836929019853e-01 1.611199108736395374e+03 1.300347534370494600e+02
3.429789679501273891e-01 1.889658678250858657e+03 1.305526558463005813e+02
3.431136610305406398e-01 1.903316516065925271e+03 1.306127329039250071e+02
3.472866057679042107e-01 1.728575468134303719e+03 1.324768788426060269e+02
3.485770481969213130e-01 1.929968209074524566e+03 1.330544784296093610e+02
3.519157799285902999e-01 1.960557141381745396e+03 1.345513567786784392e+02
3.529171000657837509e-01 2.013960496552480890e+03 1.350009782637557407e+02
3.702572185727100451e-01 2.085842400107771937e+03 1.428373327918089046e+02
3.729812467709870405e-01 1.982393368467322944e+03 1.440769088431631815e+02
3.734563865681820860e-01 2.150433144109067598e+03 1.442933574290102285e+02
3.803579738770339613e-01 1.940188660347793984e+03 1.474451893614482572e+02
3.813915961222955620e-01 2.145660028043264901e+03 1.479184832357627499e+02
3.839084026794488680e-01 2.141298703446645504e+03 1.490722874371491287e+02
3.850120406456778444e-01 2.256777624674801700e+03 1.495788469904417752e+02
3.858174292077510281e-01 2.107678058242752286e+03 1.499487463220952179e+02
3.870895302023707463e-01 2.180096728879600050e+03 1.505333983336528263e+02
3.872831282552498533e-01 2.263392043410566657e+03 1.506224181252929100e+02
3.874315255019241122e-01 2.083344484494365133e+03 1.506906614720776929e+02
3.884472857950249658e-01 2.018097905347096003e+03 1.511579573676330028e+02
3.885767976156269676e-01 2.120869298530778906e+03 1.512175611122138719e+02
3.892149951275246655e-01 2.400449983815537507e+03 1.515113454575751462e+02
3.936800353597298407e-01 2.178201809522377062e+03 1.535701907171673781e+02
3.954778775782111233e-01 2.410052250552063470e+03 1.544008728553262415e+02
3.991717821973964631e-01 2.147377251149176573e+03 1.561106515040268050e+02
4.013151846751503160e-01 2.181126412740047726e+03 1.571046207472698768e+02
4.029947019739557046e-01 2.118820145623684311e+03 1.578844234826432000e+02
4.048702815932642696e-01 2.260422147048529496e+03 1.587562452985191896e+02
4.085200652826936341e-01 2.499297971354549645e+03 1.604557418213612436e+02
4.105893373649506795e-01 2.621068327575218973e+03 1.614210237269598451e+02
4.183269122880062252e-01 2.529709035693684200e+03 1.650415619189861332e+02
4.189093694910967502e-01 2.414454200518038760e+03 1.653148076860843503e+02
4.211655829052395883e-01 2.400521031416660207e+03 1.663741823408697371e+02
4.257096241265060921e-01 2.089267336928132863e+03 1.685122303938292703e+02
4.267681069082087109e-01 2.644797264482192531e+03 1.690111161643785636e+02
4.270565366154158160e-01 2.407861245741830317e+03 1.691471149545002390e+02
4.285873853694216473e-01 2.518259462024469030e+03 1.698693307341796128e+02
4.304593612528632707e-01 2.367603353118165614e+03 1.707533913191604142e+02
4.330948485616857302e-01 2.634459338608784037e+03 1.719997199398599719e+02
4.340754735291549316e-01 2.818380912942463965e+03 1.724639636380309753e+02
4.348193435362388004e-01 2.444843292336455761e+03 1.728163055490736895e+02
4.389545719641204657e-01 2.519872261110498584e+03 1.747778524775914377e+02
4.394901894132368647e-01 2.180966384619593555e+03 1.750322755570311415e+02
4.437098650580554859e-01 2.159355019556721345e+03 1.770394770021592308e+02
4.442139843242444153e-01 2.788016408621610026e+03 1.772796083880864728e+02
4.442289265705410828e-01 2.702996099362076166e+03 1.772867270385058873e+02
4.473320560551679037e-01 2.568114095774024918e+03 1.787664422157718036e+02
4.474273387029552018e-01 2.383680391930026872e+03 1.788119198366988485e+02
4.531223986585369845e-01 2.513175757441496899e+03 1.815347007464029332e+02
4.576565365585062994e-01 2.527011381668786271e+03 1.837088555054190522e+02
4.585683800471965776e-01 2.350782797419001326e+03 1.841467738818391808e+02
4.590694965983774800e-01 2.669981622415406036e+03 1.843875351626790007e+02
4.611291508271134210e-01 2.915627422069951990e+03 1.853778168352907585e+02
4.641641783509246610e-01 2.543906097185422823e+03 1.868391676356757216e+02
4.644991444002227743e-01 2.601909889284193468e+03 1.870006057692557704e+02
4.659287834262546557e-01 2.723978257420802493e+03 1.876899681956318773e+02
4.663484755313026531e-01 2.545660953657348728e+03 1.878924462282482750e+02
4.667286619847292317e-01 2.628289913071470892e+03 1.880759061993693706e+02
4.675854033071395466e-01 3.198912481083572402e+03 1.884894724779887270e+02
4.692194295909226653e-01 2.884708997223784536e+03 1.892788002640453158e+02
4.699150947415605684e-01 3.014295704890821980e+03 1.896150650196621825e+02
4.728151626501708726e-01 2.932956723613503073e+03 1.910182801767623459e+02
4.732514902913678156e-01 2.554168310512221524e+03 1.912295956565670281e+02
4.746511367218132493e-01 2.784187476078276177e+03 1.919077956307272075e+02
4.780003094281701226e-01 2.822778485242312854e+03 1.935327692299793512e+02
4.783924224815980786e-01 2.472867128373328342e+03 1.937232131132581401e+02
4.810656961025515654e-01 2.909777952943797573e+03 1.950226761675767193e+02
4.834420660151286797e-01 2.538684033601605279e+03 1.961794097266059680e+02
4.885390007597170126e-01 2.779324464309870109e+03 1.986654542558358116e+02
4.887016097119639135e-01 2.955202358701112189e+03 1.987448799018544321e+02
4.896631641191644402e-01 2.934427657519420791e+03 1.992146890215800852e+02
4.920828679024556451e-01 3.059695388894153439e+03 2.003980132489171524e+02
4.952590163715344662e-01 2.853669663868119187e+03 2.019535906478859317e+02
4.983514160365654089e-01 3.094768557256264558e+03 2.034706750666462938e+02
4.993461917201376110e-01 3.292398774258763751e+03 2.039592246928381201e+02
4.999032566836932867e-01 3.042613237772245611e+03 2.042329198299254642e+02
5.026816476265545397e-01 3.098332269102210830e+03 2.055991867662464188e+02
5.067189879009791342e-01 3.005921015719417028e+03 2.075880842136432989e+02
5.069193934879033803e-01 2.803059416790244541e+03 2.076869182174648643e+02
5.079912790785883203e-01 2.918198908686359573e+03 2.082157146475343552e+02
5.090635545155161035e-01 2.847716751430500153e+03 2.087449976417092614e+02
5.097541112588470646e-01 3.101035532971651719e+03 2.090860170906847202e+02
5.114811540450342475e-01 3.124427844016778181e+03 2.099394199772441141e+02
5.122825759185702932e-01 3.130289474277924455e+03 2.103356937022339537e+02
5.130559244879157044e-01 2.732594803628581303e+03 2.107182411587142781e+02
5.159366187865609410e-01 3.199608553749766088e+03 2.121445526039684353e+02
5.189531316931794702e-01 2.826869571345085205e+03 2.136403635539273296e+02
5.196780497929537335e-01 2.752640784438071933e+03 2.140001740608607292e+02
5.197665423171827781e-01 3.069325488676318400e+03 2.140441060779829172e+02
5.207366230932319873e-01 3.335224870800793724e+03 2.145258308996131404e+02
5.258621407710647455e-01 3.117716466332321488e+03 2.170749938733333124e+02
5.277583661758454836e-01 3.004954295507934603e+03 2.180197421853183641e+02
5.311185972999143967e-01 3.519570054865654129e+03 2.196960948833817895e+02
5.320473141526890215e-01 3.389948442227029773e+03 2.201599078420603064e+02
5.382157415127308830e-01 3.150885535378274199e+03 2.232459082390226399e+02
5.402647305500978270e-01 2.897648072106553627e+03 2.242730682891036622e+02
5.415129239439634423e-01 3.710319989842776977e+03 2.248992930682771316e+02
5.421642265228856505e-01 3.260847472102915617e+03 2.252262061110659204e+02
5.435505459212577328e-01 3.205119093096695906e+03 2.259223965141980557e+02
5.461704752623987025e-01 3.449222543203833084e+03 2.272393680567994352e+02
5.464744286430318621e-01 3.216457627348673213e+03 2.273922657676360757e+02
5.465681099191507242e-01 3.273795996517526419e+03 2.274393947982308077e+02
5.472538270417509620e-01 3.236464201113559739e+03 2.277844291963028240e+02
5.490594877243402117e-01 3.425890070142063905e+03 2.286935346548196151e+02
5.496450017013206901e-01 2.964712233729290347e+03 2.289884960210277143e+02
5.538531188813299311e-01 3.175750899176068742e+03 2.311108335602133934e+02
5.571652050468610673e-01 2.985962208913578252e+03 2.327842604027484867e+02
5.606041678031370434e-01 3.636309535676591167e+03 2.345245712776762161e+02
5.633651155958142587e-01 3.209755470730088746e+03 2.359238088651808312e+02
5.651484064478005109e-01 3.869713659435036334e+03 2.368285364618602671e+02
5.679834800158531927e-01 3.211101515168429614e+03 2.382684216852275370e+02
5.684372983115530964e-01 3.634396431754011701e+03 2.384990845500731211e+02
5.689793261157402027e-01 3.231475872633730432e+03 2.387746454494486272e+02
5.700361154398091434e-01 3.782530769619554121e+03 2.393121044705723364e+02
5.714402017810171763e-01 3.778272450880515407e+03 2.400265974720995530e+02
5.718070853378717233e-01 3.488104778199663087e+03 2.402133687187677253e+02
5.727132324031702915e-01 3.402235460384940325e+03 2.406748009532328751e+02
5.739159864045478843e-01 3.078066684081184576e+03 2.412875701244763036e+02
5.743003873973132611e-01 3.416316441160429804e+03 2.414834830294154528e+02
5.757639259183272573e-01 2.965958535007090632e+03 2.422297029866840035e+02
5.758807453628784767e-01 3.200045286422971458e+03 2.422892877381584640e+02
5.762678289592071401e-01 3.246152287687575154e+03 2.424867457957373915e+02
5.775700090365976092e-01 3.507453864738537504e+03 2.431512671003917205e+02
5.807337917952792861e-01 3.589295705342624387e+03 2.447674361713907274e+02
5.812381987920346438e-01 3.521192906938763826e+03 2.450253195626054321e+02
5.822654296126404949e-01 3.290479476134102242e+03 2.455506845381074470e+02
5.872304947451633117e-01 3.617899424473926047e+03 2.480934472395551325e+02
5.886689841641826737e-01 3.745782389903811236e+03 2.488312032740043946e+02
5.886983100907942079e-01 3.621992593374002809e+03 2.488462485659896970e+02
5.891338722409684703e-01 3.932910058106308043e+03 2.490697314068555954e+02
5.904213224923835490e-01 3.328637888737053800e+03 2.497305644668354603e+02
5.926174028577403385e-01 3.670119262105766666e+03 2.508586626637725203e+02
5.952476922256740854e-01 3.645383492196508087e+03 2.522112581654368171e+02
5.962196888634673231e-01 3.762526682910826821e+03 2.527114948918467974e+02
5.980278927793463151e-01 3.741599729401385503e+03 2.536426558128965780e+02
6.016661941805327984e-01 3.249018534684941187e+03 2.555184975682771267e+02
6.016680250425185950e-01 3.732892615281369672e+03 2.555194422806873149e+02
6.020491112347282625e-01 4.002861470920171541e+03 2.557160966473211943e+02
6.031851023922660815e-01 3.275970240779173764e+03 2.563025038437676244e+02
6.037991207941100225e-01 3.703912520890328778e+03 2.566195858346882801e+02
6.071849130063031730e-01 3.408290818500616297e+03 2.583695472203894496e+02
6.079271794940293017e-01 3.901276985639328359e+03 2.587535346063992847e+02
6.089100417357268258e-01 3.417468514559092000e+03 2.592621761510536089e+02
6.111550422856624198e-01 3.249148595312307407e+03 2.604247972365657233e+02
6.111644020523476772e-01 3.342208868956379320e+03 2.604296467443006691e+02
6.142352941393024457e-01 3.082466699394160969e+03 2.620217986621024124e+02
6.155297175785227060e-01 3.780161012436321016e+03 2.626935405003967503e+02
6.203026122870798353e-01 3.914136918942594093e+03 2.651736418124889383e+02
6.258203895414883311e-01 3.925192914245490101e+03 2.680470525793909360e+02
6.261793975294865922e-01 3.756850512173933566e+03 2.682342390595625830e+02
6.318790933232774076e-01 3.898552086543038058e+03 2.712098216842215948e+02
6.320092102606188478e-01 3.820430178520803111e+03 2.712778330179086197e+02
6.328464083297611342e-01 3.579023897868296444e+03 2.717155191899026931e+02
6.331235154217982330e-01 3.749954833950111606e+03 2.718604239209075217e+02
6.342045421356148349e-01 3.730936052020495026e+03 2.724258729595155160e+02
6.345391406863990502e-01 3.592818001246595486e+03 2.726009415595999030e+02
6.346713306868260185e-01 3.747539993801457513e+03 2.726701126625619622e+02
6.352109357416860780e-01 3.889352682747964536e+03 2.729525111492764040e+02
6.358860569101663085e-01 4.252733236705497802e+03 2.733059196208924391e+02
6.407608508687857585e-01 3.560128386418029550e+03 2.758606629611207381e+02
6.411312749045029458e-01 4.019039114085174788e+03 2.760550006434622787e+02
6.434428374930770689e-01 3.790289310237182690e+03 2.772683930045063221e+02
6.444040076680327411e-01 4.171883643885244965e+03 2.777732697410472156e+02
6.466462802444065128e-01 4.001370124808389392e+03 2.789518413273623878e+02
6.476419543809800450e-01 4.309719079715626322e+03 2.794755257022812884e+02
6.492719395277243288e-01 3.752603083955546026e+03 2.803332868791079591e+02
6.493660672408800849e-01 3.785457429290490836e+03 2.803828377463181596e+02
6.496964190925766935e-01 4.361134355353630781e+03 2.805567569893146356e+02
6.502122657975236697e-01 4.692521159593286939e+03 2.808283793682830378e+02
6.503355639208380223e-01 4.100799148547237564e+03 2.808933111340650157e+02
6.506338714649954058e-01 3.480823512783962087e+03 2.810504204045440702e+02
6.514495552359400588e-01 3.540462430439878972e+03 2.814801117830045882e+02
6.544099616755992832e-01 3.929612663496831374e+03 2.830407960269762384e+02
6.550659631273061390e-01 3.859542262467452929e+03 2.833868809301592364e+02
6.554716878020150350e-01 3.825476376046338373e+03 2.836009733559903339e+02
6.560500121564897258e-01 3.891574839480765604e+03 2.839062029097469804e+02
6.570324575257878719e-01 3.901279334895683860e+03 2.844248817403695853e+02
6.583562311337641804e-01 3.941218714216614444e+03 2.851240842947435681e+02
6.584333515003513160e-01 3.667635000884604324e+03 2.851648297516771891e+02
6.618100532769894961e-01 3.432485877349659404e+03 2.869500834269897496e+02
6.624631694596951892e-01 3.836636052240134632e+03 2.872956593558303666e+02
6.625026140862098067e-01 4.379161876875661619e+03 2.873165330918678819e+02
6.625578725150060855e-01 4.362184334241043871e+03 2.873457758933975583e+02
6.639391252526409826e-01 4.179191842133209320e+03 2.880769426731308727e+02
6.652782991820203051e-01 4.512486637780748424e+03 2.887862142792121176e+02
6.668347953804587558e-01 4.183267890606842229e+03 2.896110554281594318e+02
6.671032848282480998e-01 4.246407865622237296e+03 2.897533881173632722e+02
6.674932905581286713e-01 3.703027468244662941e+03 2.899601661250149505e+02
6.691441462016386454e-01 3.819716343318981671e+03 2.908357859196157733e+02
6.700019592654721245e-01 3.760374003237974193e+03 2.912909956803720206e+02
6.702739578049029534e-01 4.154417595679035003e+03 2.914353670275118020e+02
6.703379887083381616e-01 4.350290687204032110e+03 2.914693555636085307e+02
6.723862756458323098e-01 4.161014870651642923e+03 2.925570624688412522e+02
6.733778369259996177e-01 4.398687595106875051e+03 2.930839242776652895e+02
6.734942216832957573e-01 4.357457560155829015e+03 2.931457780842884517e+02
6.736979557808753238e-01 4.581915318297653357e+03 2.932540612507900732e+02
6.746510453894662973e-01 4.614297486097329966e+03 2.937607346521563159e+02
6.756016921092454774e-01 3.694244900481785862e+03 2.942662952296233811e+02
6.763927593186996878e-01 4.238112653740500718e+03 2.946871316309450890e+02
6.768507394715729264e-01 3.772242796639060998e+03 2.949308291190031923e+02
6.789200071305796502e-01 4.489977444424457644e+03 2.960324498224500758e+02
6.807082283815119039e-01 3.901723568996488666e+03 2.969851538135239366e+02
6.815193414429498997e-01 3.964331262050688565e+03 2.974175024375272756e+02
6.817381777657250952e-01 4.248039037488622853e+03 2.975341719898607948e+02
6.820723632630965039e-01 4.267074688754797535e+03 2.977123571628469563e+02
6.834059091494621985e-01 4.729197787871493347e+03 2.984236198568539749e+02
6.840207447841175625e-01 4.163948036377457356e+03 2.987516715080982976e+02
6.854975733848026609e-01 3.853666394561922516e+03 2.995399613978801199e+02
6.865830296283539358e-01 4.251261384786489543e+03 3.001196293894651603e+02
6.904057515345971563e-01 4.857924037694557228e+03 3.021629794450855115e+02
6.905800389026194308e-01 4.596895449568444747e+03 3.022562110682069374e+02
6.906474961931959866e-01 4.637436814080588192e+03 3.022922976693175769e+02
6.907721681194025631e-01 4.916707749445316040e+03 3.023589939244191669e+02
6.911420469144387013e-01 4.247195821927560246e+03 3.025568879127678770e+02
6.912079092187146667e-01 4.188496827101275812e+03 3.025921287048452655e+02
6.941188372325766132e-01 4.514562848153604136e+03 3.041505425745741604e+02
6.942979211805696549e-01 4.599598036806424716e+03 3.042464736577787221e+02
6.947569628096229577e-01 4.409486651698371134e+03 3.044924008614403874e+02
6.949450279698708988e-01 4.323105290887753654e+03 3.045931671734117003e+02
6.962404799634726027e-01 4.386829872955775500e+03 3.052874694857000577e+02
6.963045414470944161e-01 4.811232678975729868e+03 3.053218121827487721e+02
6.965397686569736457e-01 4.166544810680022238e+03 3.054479220839864979e+02
6.965973749939953219e-01 4.467837765352395763e+03 3.054788076513620467e+02
6.975822602428469743e-01 4.020456508293033949e+03 3.060069551817631464e+02
6.995962023316013578e-01 4.056064707472037298e+03 3.070875395660832510e+02
7.008705260273858650e-01 4.419277077074429144e+03 3.077716973810735226e+02
7.033367094509496154e-01 4.019431263311444582e+03 3.090966557510969892e+02
7.042727465993634528e-01 4.989144391186147914e+03 3.095998577920450998e+02
7.048224942188844322e-01 4.409360756467414831e+03 3.098954761486191956e+02
7.051201845205661289e-01 4.125998726163323227e+03 3.100555794850308757e+02
7.055478685100082803e-01 4.535815732546701838e+03 3.102856264774643478e+02
7.055921656525050434e-01 4.504594111941982192e+03 3.103094555378592077e+02
7.064842628987705320e-01 3.924324113101240073e+03 3.107894298855568991e+02
7.076952979140898048e-01 4.114005121155317283e+03 3.114412532628946906e+02
7.078210784738054873e-01 4.577058212827949319e+03 3.115089695330912605e+02
7.090556477602979468e-01 4.562660516265415026e+03 3.121737878512080897e+02
7.113391964871590423e-01 4.521176326132971553e+03 3.134042735163009183e+02
7.160219511477146082e-01 4.988837863129084326e+03 3.159307616648927706e+02
7.170370094724053400e-01 5.014217987220221403e+03 3.164789810198211057e+02
7.172381356209640568e-01 4.987154876266203246e+03 3.165876303691361500e+02
7.175088793641080098e-01 4.305277012142876629e+03 3.167338999240119506e+02
7.184661495801774045e-01 4.610362462206812779e+03 3.172511803723116941e+02
7.187926259644616955e-01 5.215166320798644847e+03 3.174276392711288963e+02
7.208159733233839850e-01 4.915172972564052543e+03 3.185217101967731992e+02
7.210633316055762299e-01 3.918935745108097763e+03 3.186555170293477204e+02
7.218342607629478769e-01 4.420904172008415117e+03 3.190726220997142377e+02
7.226354805293813133e-01 4.334030623057040430e+03 3.195062375558471217e+02
7.233097961280443577e-01 5.015058658575874688e+03 3.198712694108466508e+02
7.237512948211303199e-01 4.791090755052017812e+03 3.201103164939510179e+02
7.248587076430352827e-01 4.566596702270730020e+03 3.207100847331761315e+02
7.249291903419561311e-01 4.642036739966317327e+03 3.207482657536012880e+02
7.263443786463286145e-01 4.277713744059141391e+03 3.215150867146385281e+02
7.270155919364191810e-01 4.782860520513140727e+03 3.218789189978165837e+02
7.278322189204822212e-01 5.215497029011744416e+03 3.223216898316957213e+02
7.301649013246598319e-01 4.974840112846703960e+03 3.235871630891979862e+02
7.314540730545434633e-01 4.465942515189247388e+03 3.242869822975173406e+02
7.315931448946408899e-01 4.749067289155173057e+03 3.243624956213060386e+02
7.324905592383056385e-01 5.464072591757902046e+03 3.248498631820155538e+02
7.332364274886579159e-01 4.636075442110826771e+03 3.252550461862918496e+02
7.341398484477937858e-01 4.831438098224533860e+03 3.257459597579340311e+02
7.347595546721230608e-01 4.663112165712253955e+03 3.260827943997154534e+02
7.350309277767179683e-01 5.170908419186410356e+03 3.262303193589402213e+02
7.351899665279424401e-01 4.707550861358001384e+03 3.263167831736011522e+02
7.428113024208127246e-01 4.797789571247629283e+03 3.304658640177205484e+02
7.431278698542260752e-01 4.619740014930601319e+03 3.306384420473059436e+02
7.447642366924134283e-01 4.911812511906185136e+03 3.315308151639152925e+02
7.453132207754677996e-01 4.542252571515057753e+03 3.318303099816886856e+02
7.459469113766075132e-01 4.657770247847824066e+03 3.321760863558284314e+02
7.463037946127172306e-01 5.064989379699603887e+03 3.323708546476619858e+02
7.475448419176095038e-01 4.614035080346090581e+03 3.330483397835550932e+02
7.481775685876462800e-01 4.684074965179607716e+03 3.333938551239825188e+02
7.486622982070633148e-01 4.804118595086325513e+03 3.336586039219077406e+02
7.487855384993375996e-01 4.885285600695634457e+03 3.337259221102328297e+02
7.490381013617323225e-01 4.798520067307467798e+03 3.338638897249838919e+02
7.495677822636601650e-01 4.523786779160117476e+03 3.341532774876598637e+02
7.497344873256186482e-01 4.715749898843721894e+03 3.342443665864032027e+02
7.504529492116048806e-01 5.522867249905322751e+03 3.346369998672925021e+02
7.505908727298571392e-01 4.743431490017616852e+03 3.347123849273317546e+02
7.519572326355333791e-01 4.245525967290061999e+03 3.354593901372923597e+02
7.521571319062380079e-01 5.057169155343484817e+03 3.355687066525533737e+02
7.546466550405828144e-01 4.801812405380444034e+03 3.369307458322859929e+02
7.553841359040984749e-01 5.067132871820040236e+03 3.373344491809887700e+02
7.563298531516939871e-01 4.676138737026988565e+03 3.378522907001875524e+02
7.567070979469916470e-01 4.560265338985696872e+03 3.380589029851270766e+02
7.573408809437874867e-01 4.622151787603177581e+03 3.384060774472296771e+02
7.573694536114652376e-01 4.314550497333032581e+03 3.384217307731835831e+02
7.623274257401551068e-01 5.029619312966902726e+03 3.411402047508548776e+02
7.671814341215067445e-01 4.621818201038170628e+03 3.438060601314792848e+02
7.680399425907488142e-01 5.080495034142121767e+03 3.442780085799614653e+02
7.692381532801421118e-01 4.693275572781750270e+03 3.449369270488462007e+02
7.693248097299161259e-01 4.567140222451992486e+03 3.449845912210869869e+02
7.709542463650786992e-01 5.122027297851302137e+03 3.458810952322854746e+02
7.713357138036240901e-01 5.053795977177282111e+03 3.460910457245561815e+02
7.727704331800765436e-01 5.084140389715372294e+03 3.468809179090638395e+02
7.729389338628233075e-01 5.041719427285503116e+03 3.469737090543064255e+02
7.736937507019605587e-01 5.035387508759997218e+03 3.473894402469513807e+02
7.738163597952327777e-01 4.875536089176042879e+03 3.474569795459044030e+02
7.795176002826332828e-01 5.009029608226547680e+03 3.506005193904330213e+02
7.816031230391341511e-01 4.905866654556925823e+03 3.517518976439210974e+02
7.826340263499454997e-01 5.633551643804628839e+03 3.523213292349425387e+02
7.827024926372805336e-01 5.055715116946272246e+03 3.523591541596260868e+02
7.840637740572238279e-01 4.551194837990398810e+03 3.531113832107049006e+02
7.844808526608260113e-01 5.215119532196747059e+03 3.533419227716437945e+02
7.846489455293294002e-01 4.628412053777714391e+03 3.534348446651607674e+02
7.862724650764402190e-01 5.405564653041227757e+03 3.543325882819712547e+02
7.863905150576876446e-01 5.018486076774004687e+03 3.543978837619234810e+02
7.881609665244356799e-01 4.837819288230998609e+03 3.553774497887071675e+02
7.882543372357452283e-01 5.320039358131518384e+03 3.554291260366931624e+02
7.903731757492400423e-01 5.204797589116351446e+03 3.566022202700660273e+02
7.911769332505809160e-01 5.073160631803984870e+03 3.570474295147965904e+02
7.912362505329548767e-01 5.149988381746910818e+03 3.570802904985798136e+02
7.917077871180930870e-01 5.025928006567290140e+03 3.573415377327346505e+02
7.954557133360526944e-01 5.278872794376056845e+03 3.594194191211756220e+02
7.962915899762936789e-01 5.146082844509708593e+03 3.598831753879478015e+02
7.965245169231447431e-01 5.972319645125994612e+03 3.600124285813689653e+02
7.997068831083800067e-01 4.998774867745318261e+03 3.617793103977484748e+02
8.009737604643146769e-01 5.650747864911898432e+03 3.624831899514963993e+02
8.012140875281537067e-01 5.107218294880839494e+03 3.626167479856367208e+02
8.017548158085349153e-01 4.545608064795764221e+03 3.629172864305672874e+02
8.019510711413444515e-01 5.143036330012512735e+03 3.630263784497261099e+02
8.023746079369635797e-01 5.409351297009980954e+03 3.632618319538799483e+02
8.031354765920013516e-01 4.708606948987417127e+03 3.636848947756117809e+02
8.047939288699628158e-01 5.617529577079494629e+03 3.646073890693684234e+02
8.063995574292688318e-01 5.097329970493206019e+03 3.655009592766031119e+02
8.074002760611042051e-01 5.544271321885407815e+03 3.660581106082698852e+02
8.076025598388658633e-01 5.781702227568961462e+03 3.661707535794378146e+02
8.077739509099254311e-01 5.456556272794803590e+03 3.662661993399705693e+02
8.078189169936463854e-01 5.125050581854874508e+03 3.662912412945323695e+02
8.083467480060948507e-01 5.790747883244163859e+03 3.665852207545244710e+02
8.085265586940670879e-01 5.586793905009111768e+03 3.666853787577326216e+02
8.104965258893320756e-01 5.109347813107159709e+03 3.677830568530557116e+02
8.159642863518906664e-01 5.359955469892192923e+03 3.708332559889578874e+02
8.163633266883304485e-01 4.636131397427724551e+03 3.710560637988895110e+02
8.183703128604905563e-01 5.405773814606784072e+03 3.721770992268337181e+02
8.222675897607882867e-01 6.093004722848725578e+03 3.743559672275189882e+02
8.231524478940783762e-01 5.493942454837221703e+03 3.748510318308797764e+02
8.247612746671635353e-01 4.919565373647021261e+03 3.757514891370947794e+02
8.251734940095258874e-01 5.425727945794111292e+03 3.759822787355579408e+02
8.267669248565676643e-01 4.597641625680331344e+03 3.768746670192260808e+02
8.297725430486601050e-01 5.587603037034378758e+03 3.785591171459043949e+02
8.306573609377040368e-01 5.443809110769142535e+03 3.790552916411330102e+02
8.313134195282446681e-01 4.511602086206485183e+03 3.794232718126414170e+02
8.327650147011108617e-01 5.441027809911903205e+03 3.802377240059427663e+02
8.330630635227724845e-01 5.837430530678873765e+03 3.804049955825654479e+02
8.331648340987135581e-01 5.729646129560142072e+03 3.804621149187527180e+02
8.337238511389771789e-01 5.497862856427173938e+03 3.807758977745095876e+02
8.355711636020445310e-01 4.901671938617518208e+03 3.818131916586900729e+02
8.362274249050599684e-01 4.672214905780667323e+03 3.821818309704586341e+02
8.363231778081280376e-01 5.499077697132227513e+03 3.822356239769538888e+02
8.364520671255082362e-01 4.976683668816169302e+03 3.823080351241328572e+02
8.365539973309211730e-01 5.277333114942156499e+03 3.823653023888552980e+02
8.370720415423239524e-01 5.042590936434702598e+03 3.826563812985239110e+02
8.382377044395363797e-01 4.821952275598527194e+03 3.833115097140031935e+02
8.390186777867660872e-01 5.671669723905340106e+03 3.837505619338902534e+02
8.394158085258092150e-01 5.132448350939536795e+03 3.839738625592228232e+02
8.406951615144913070e-01 6.129978651784689646e+03 3.846934035113997652e+02
8.407248191997677145e-01 5.740835002782101583e+03 3.847100870117189970e+02
8.409585310533960190e-01 5.537558090192072086e+03 3.848415633831610307e+02
8.424956307547929457e-01 5.362640010496096693e+03 3.857064985104545372e+02
8.431159806185438699e-01 5.861865999182853557e+03 3.860556850958235486e+02
8.436035756826849585e-01 5.992276591081932565e+03 3.863301909676723085e+02
8.469634444019045194e-01 5.520078756953865195e+03 3.882228062438860547e+02
8.481032277677005293e-01 6.688194229712996275e+03 3.888652739322837988e+02
8.487925853707841695e-01 4.865292402381536704e+03 3.892539526065251607e+02
8.493376190187436059e-01 5.080096379611250995e+03 3.895613133772400261e+02
8.508900157360715921e-01 5.523947390152543448e+03 3.904370265017064980e+02
8.517294003054757257e-01 5.423208242394342051e+03 3.909106930660996682e+02
8.519328840784055057e-01 6.148815003746201910e+03 3.910255369801612346e+02
8.519601130603946526e-01 5.733965636171331425e+03 3.910409052261400689e+02
8.526290797860027748e-01 5.864616709555111811e+03 3.914185137058153714e+02
8.535184177641416126e-01 5.525585752652317751e+03 3.919206287032247928e+02
8.535881363607487060e-01 6.001627867010100999e+03 3.919599969389495868e+02
8.536522261384531518e-01 5.161587450830046691e+03 3.919961874388944807e+02
8.542124458624417160e-01 5.975903517248566459e+03 3.923125636819517013e+02
8.546958015052985580e-01 5.824776073019975229e+03 3.925855736517039531e+02
8.562337540360364097e-01 5.577564600541119944e+03 3.934544996626366355e+02
8.567665430160004147e-01 5.456209950673386629e+03 3.937556103837243882e+02
8.570491637883760339e-01 5.598798838646982404e+03 3.939153551499810533e+02
8.585454764346720502e-01 5.650889913993989467e+03 3.947613297037011648e+02
8.591217467111704753e-01 6.052680191382035446e+03 3.950872354103422595e+02
8.616503967643980300e-01 4.988042364973777694e+03 3.965179400776372063e+02
8.619289848578758351e-01 5.686841372704184323e+03 3.966756286721819720e+02
8.622566692951101341e-01 5.271522928640856662e+03 3.968611234138620034e+02
8.634607428886964531e-01 5.751943892955609954e+03 3.975428730054787820e+02
8.636986598927626213e-01 6.607808370160065351e+03 3.976776102599120577e+02
8.651846571449326451e-01 5.066007342458614403e+03 3.985193698898348771e+02
8.659805181217959946e-01 5.834294306852973023e+03 3.989703422332862033e+02
8.686044661547063228e-01 5.728146003469241805e+03 4.004579251060994807e+02
8.690903387479111952e-01 5.176583482706357245e+03 4.007335014118540926e+02
8.692206630279833979e-01 5.615758696486898771e+03 4.008074250096924516e+02
8.695353300320010081e-01 5.723839292738335644e+03 4.009859243459668505e+02
8.700255290830886112e-01 5.805669295059921751e+03 4.012640287305313791e+02
8.701296711230015468e-01 6.001580658778460929e+03 4.013231166002310601e+02
8.701435031808282261e-01 6.049170607349227794e+03 4.013309647334634747e+02
8.710042555856403190e-01 5.289581940092912191e+03 4.018194056639201790e+02
8.726984726698341355e-01 6.177589476653773090e+03 4.027811532479566949e+02
8.732932952201303278e-01 5.260327197725417136e+03 4.031189232093439045e+02
8.733512418215508832e-01 5.914674271715514806e+03 4.031518312398466719e+02
8.744445035899420793e-01 5.609075668845278415e+03 4.037727991206847378e+02
8.749654788488075985e-01 5.894515761746609314e+03 4.040687786162351927e+02
8.753975222435506076e-01 6.027517046146746907e+03 4.043142668112455453e+02
8.755349341806210051e-01 5.858577795687741855e+03 4.043923509403647927e+02
8.755441530206643508e-01 6.454940843781388139e+03 4.043975896414110593e+02
8.770029393867614376e-01 5.568681446147395036e+03 4.052267324517408724e+02
8.777388890105313202e-01 6.244425060843647771e+03 4.056451603151224958e+02
8.782610402691717333e-01 5.460227715418110165e+03 4.059420848257095145e+02
8.786135111897585004e-01 5.730529175449989452e+03 4.061425443283017671e+02
8.788666211192706079e-01 5.221311666065752433e+03 4.062865069196345758e+02
8.800154669524388185e-01 5.995956090710532408e+03 4.069400708626608321e+02
8.808290768134389159e-01 5.724839458623055179e+03 4.074030512449058392e+02
8.810111232846010720e-01 6.297990186055890263e+03 4.075066583401971911e+02
8.814655619815311427e-01 5.960741967425689836e+03 4.077653136574567156e+02
8.829340330960341321e-01 5.979241977782492540e+03 4.086013570807389783e+02
8.838293605009145404e-01 5.529383808675907858e+03 4.091112621487651495e+02
8.840946289530269286e-01 5.992978476448707625e+03 4.092623618757851887e+02
8.866714620873219488e-01 6.536437027478597884e+03 4.107307370396330271e+02
8.890927340665276679e-01 6.328547846619499069e+03 4.121114302003578587e+02
8.891783995135136287e-01 6.185539818872156502e+03 4.121602966538137593e+02
8.915409778274109298e-01 5.981791228726742702e+03 4.135084491351064457e+02
8.922262022476289411e-01 5.958235765056414493e+03 4.138996224098894459e+02
8.927828795631824743e-01 5.819771596967339974e+03 4.142174667867810740e+02
8.927980686392597010e-01 5.665384276448412493e+03 4.142261399341600736e+02
8.928265537400131846e-01 5.788534065029005433e+03 4.142424053717738275e+02
8.933652274518525394e-01 6.046905491424188767e+03 4.145500206019317488e+02
8.962882285784511405e-01 5.514607002188121442e+03 4.162200287408270469e+02
8.966960421266518821e-01 6.218712768627630794e+03 4.164531331975521198e+02
8.972286766292577598e-01 5.850063394908876035e+03 4.167576241568473847e+02
8.982958854631618584e-01 5.593372799136518552e+03 4.173678491620681257e+02
8.990436382867608156e-01 6.053003597453060138e+03 4.177955172537381827e+02
9.004727149878649639e-01 6.300225015119925956e+03 4.186131041148415761e+02
9.004919975526909370e-01 5.922555890538481435e+03 4.186241380210292959e+02
9.009993407803418286e-01 5.583348423930792706e+03 4.189144718499133546e+02
9.011273212094937923e-01 5.277311823294366150e+03 4.189877166956442807e+02
9.023135091860750023e-01 6.064036854136375950e+03 4.196667092468533724e+02
9.026206571522777944e-01 5.554748857816859527e+03 4.198425613972281099e+02
9.032732500879393500e-01 5.622286926835576196e+03 4.202162408858470712e+02
9.034848522042883134e-01 5.104991405587788904e+03 4.203374200806151180e+02
9.049555021289213963e-01 6.784733507077017748e+03 4.211798171579854966e+02
9.056206010487690694e-01 6.754037388296994322e+03 4.215609004924451142e+02
9.078347200289339503e-01 5.510348958973372646e+03 4.228300255577127018e+02
9.083420837661471126e-01 6.013089320491543731e+03 4.231209519215115051e+02
9.084158455149137223e-01 5.823065569873137974e+03 4.231632508164738056e+02
9.085263887494894330e-01 6.051433626016632843e+03 4.232266437452258288e+02
9.091095769827716166e-01 5.966557281811761641e+03 4.235611145045870103e+02
9.093981731507959632e-01 6.137396631434167830e+03 4.237266500081856293e+02
9.096232008724327578e-01 5.859694265062997147e+03 4.238557323280055016e+02
9.113760155490183701e-01 6.280188568444023986e+03 4.248614653304127842e+02
9.119732866844191266e-01 5.501445912960938585e+03 4.252042771924924978e+02
9.123891143130120618e-01 5.952947159297158578e+03 4.254429796580956804e+02
9.127912404349304287e-01 6.101808076671437448e+03 4.256738422963238690e+02
9.137905853117065380e-01 6.500591029974827507e+03 4.262476793663997228e+02
9.140249904849429008e-01 6.426012319439279963e+03 4.263823002362446459e+02
9.141676137961289861e-01 6.761377501703981579e+03 4.264642141546851803e+02
9.146724061335614886e-01 6.843360832801854485e+03 4.267541605266938518e+02
9.154100251493543228e-01 5.937147021701917765e+03 4.271779102274592788e+02
9.178472895303485535e-01 5.425931626332541782e+03 4.285786729725719510e+02
9.179301071447186766e-01 6.196026447812195329e+03 4.286262865686506416e+02
9.182967392731734568e-01 6.378457764717815735e+03 4.288370837750068745e+02
9.209910789283514143e-01 6.253713499665384916e+03 4.303868419332357007e+02
9.221278802941067498e-01 5.459357027117517646e+03 4.310410525444671634e+02
9.224286630902062134e-01 6.893514425308096179e+03 4.312141811830478559e+02
9.237611953169491130e-01 5.602856792714628682e+03 4.319813443465066030e+02
9.249734842973045268e-01 6.266464498590963558e+03 4.326795166153780769e+02
9.251878693408438492e-01 6.425899659494294610e+03 4.328030069307380927e+02
9.256879762708689618e-01 6.578358955644451271e+03 4.330911063010947828e+02
9.257894793586656235e-01 6.593353260558635156e+03 4.331495843961351397e+02
9.258169865329903825e-01 6.312995288201844232e+03 4.331654321363844247e+02
9.260372703795667348e-01 6.936503962850798416e+03 4.332923486783388398e+02
9.273722486193489711e-01 6.135692915843214905e+03 4.340616543251099984e+02
9.280676444256339419e-01 5.887720810071782580e+03 4.344624961827992138e+02
9.287109268490246761e-01 6.131466668339844546e+03 4.348333640853319366e+02
9.294941242509352497e-01 6.425711482793826690e+03 4.352849811127511543e+02
9.299749909970334016e-01 6.901232005531832328e+03 4.355623105545809608e+02
9.312687227411258206e-01 6.543659499243066421e+03 4.363086160844394499e+02
9.315894152048598276e-01 5.513082108266488831e+03 4.364936507699750905e+02
9.317716549941142956e-01 6.074053378637541755e+03 4.365988072944336409e+02
9.322298078619154493e-01 6.421682531445846507e+03 4.368631941527691538e+02
9.333201796117092108e-01 6.467752355112558689e+03 4.374925439278853219e+02
9.334347971591506754e-01 6.322645736688128636e+03 4.375587102587801382e+02
9.339724296717223373e-01 6.983854317208647444e+03 4.378691008076385742e+02
9.340495955883928447e-01 5.994078144137753952e+03 4.379136544659302785e+02
9.347414255954943352e-01 6.084651582623009745e+03 4.383131398136956136e+02
9.351519845288234212e-01 7.167532219512372649e+03 4.385502441236169489e+02
9.364360353953312677e-01 5.875947817527750885e+03 4.392919677562264269e+02
9.365703727479748331e-01 5.798831078750731649e+03 4.393695811922618759e+02
9.379096262647496074e-01 5.866124921776645351e+03 4.401434835677479782e+02
9.380045920877573273e-01 7.215137915476862872e+03 4.401983708457001399e+02
9.400687658076671838e-01 6.424462437684616816e+03 4.413917331517736216e+02
9.406492537036186263e-01 6.328314279798679308e+03 4.417274461276581405e+02
9.407960513445711159e-01 6.910333978139356987e+03 4.418123514527667908e+02
9.412870226418471598e-01 7.117756191396866598e+03 4.420963445585430804e+02
9.423840702249043355e-01 6.261887169090101452e+03 4.427310413918090717e+02
9.429835178449246236e-01 6.323842973316797725e+03 4.430779277925780093e+02
9.443406846473895166e-01 6.390087937498606152e+03 4.438634869077750977e+02
9.480827953981284528e-01 6.589696654354572274e+03 4.460309275845972365e+02
9.481291323833478391e-01 6.516057728982382287e+03 4.460577791450652967e+02
9.483661540021973702e-01 6.387044501525290798e+03 4.461951344643343873e+02
9.484184136991246072e-01 6.284298129573676306e+03 4.462254203657146263e+02
9.484743869093018587e-01 5.873231120257799375e+03 4.462578587976998961e+02
9.488599779175916904e-01 6.504357767583244822e+03 4.464813349026845231e+02
9.502682333310846774e-01 5.247088671333766797e+03 4.472977016532746006e+02
9.510385494930568839e-01 6.068441254872568607e+03 4.477443788758681080e+02
9.510857435639152868e-01 7.347209020153246456e+03 4.477717477899718119e+02
9.522205652094571926e-01 7.016016933552296905e+03 4.484299558896904045e+02
9.551061085627828851e-01 6.570047370556144415e+03 4.501044574018749813e+02
9.556953611364993328e-01 6.524596704714556836e+03 4.504465559042743621e+02
9.563283485749031199e-01 5.922111765766731878e+03 4.508141022426485733e+02
9.563872475878480994e-01 6.699512499714517617e+03 4.508483051571026294e+02
9.572696905788247168e-01 7.257209341639891136e+03 4.513608047695908567e+02
9.577981724258988194e-01 6.122440843236960063e+03 4.516677879093516026e+02
9.599848647895039555e-01 7.076199119351077570e+03 4.529384239546583331e+02
9.603796567262297135e-01 6.261872145130840181e+03 4.531679031111419818e+02
9.610152669744486120e-01 6.233263983038204060e+03 4.535374097604403687e+02
9.612721029466170242e-01 6.273486040719345510e+03 4.536867359676261344e+02
9.619669093919979153e-01 5.665275525410645059e+03 4.540907496202736979e+02
9.635187326345295844e-01 6.464267647144994953e+03 4.549933533514969781e+02
9.638512502566928264e-01 6.544835622794539631e+03 4.551868049414629240e+02
9.675603419225601298e-01 5.451325599797465657e+03 4.573457673996110202e+02
9.698290011528193366e-01 6.790626268306092243e+03 4.586672792720219149e+02
9.698511650334831202e-01 6.814616396502979114e+03 4.586801935920410074e+02
9.705637363788205407e-01 6.607799060205448768e+03 4.590954284411828326e+02
9.709703584801392395e-01 5.978371031865485747e+03 4.593324112611952614e+02
9.713456082750208109e-01 6.849259190809741995e+03 4.595511312843971723e+02
9.714878242785988105e-01 6.531956654968859766e+03 4.596340293632080716e+02
9.718833818480443476e-01 7.086920457977778824e+03 4.598646162972333400e+02
9.729811789241527009e-01 6.399862761325141037e+03 4.605046863928204175e+02
9.749491639995179204e-01 6.776901079156820742e+03 4.616525551119403872e+02
9.755420121836549940e-01 6.488947670234995712e+03 4.619984558346146173e+02
9.758113196714327531e-01 7.171867622118423242e+03 4.621556015909898179e+02
9.764342845548805716e-01 6.632574975886356697e+03 4.625191528339311731e+02
9.766614581645729487e-01 6.888535822579085107e+03 4.626517412256914668e+02
9.769367556045912560e-01 7.700752661753745997e+03 4.628124267335298327e+02
9.771894557892925048e-01 6.438639641107148236e+03 4.629599322853528065e+02
9.780232650335349831e-01 6.726990393760916959e+03 4.634467065995438588e+02
9.787748848858143225e-01 6.705693081425558375e+03 4.638855847486704533e+02
9.805713062148307957e-01 7.129763975819374537e+03 4.649348612711114015e+02
9.806919658623224345e-01 5.431866352257592553e+03 4.650053542769353498e+02
9.813387900935101049e-01 6.844618483301492233e+03 4.653832840773702060e+02
9.827555141073957001e-01 8.089680778705587727e+03 4.662112642221763963e+02
9.837943776146237385e-01 6.202920736390600723e+03 4.668185927034823521e+02
9.838466638715575030e-01 6.055924630056421847e+03 4.668491637727747730e+02
9.843890741711902592e-01 6.793648128141451707e+03 4.671663267965384421e+02
9.847657681698921417e-01 6.633410616054477941e+03 4.673866154129696611e+02
9.855424852825455106e-01 6.415000660057725327e+03 4.678408993049343962e+02
9.874519795578916570e-01 7.095162987458293173e+03 4.689580839475323728e+02
9.881751098436217795e-01 7.449003730361298039e+03 4.693813000945850717e+02
9.886647395543191053e-01 6.632584456374132060e+03 4.696679009122009347e+02
9.894069799307309010e-01 7.989707206000233782e+03 4.701024303209072741e+02
9.894474009636121670e-01 6.827021600575391858e+03 4.701260962325984565e+02
9.903289069676458611e-01 6.627149073400340058e+03 4.706422625298741877e+02
9.911332956956644402e-01 7.147663501990458826e+03 4.711133689626203704e+02
9.942137126148637982e-01 6.945277970195100352e+03 4.729183244986794534e+02
9.953117076400459506e-01 7.570204464522952549e+03 4.735620137364222160e+02
9.954951934963230942e-01 7.973290930077544544e+03 4.736695971863725276e+02
9.958626815659693543e-01 6.593835925577609487e+03 4.738850811247288561e+02
9.959478657722476980e-01 7.399778023674993165e+03 4.739350332976171103e+02
9.971955181070075724e-01 7.269561829555043005e+03 4.746667760884028553e+02
9.973223517762791479e-01 6.474990202011464135e+03 4.747411757766552114e+02
9.980176012276327224e-01 7.309472997422588378e+03 4.751490441725563869e+02
9.998201456435396040e-01 7.114529003089161051e+03 4.762068242775220597e+02
