1.012000000000000052e-02 3.302499228539844722e+01 1.993942388836748847e-01
1.038000000000000034e-02 3.311848492797222576e+01 2.059078434640118360e-01
1.043000000000000003e-02 3.330112541730677833e+01 2.014823131195390971e-01
1.081999999999999976e-02 3.330147567468978309e+01 1.856793001387068986e-01
1.209000000000000005e-02 3.409273635562854565e+01 1.925849422981973091e-01
1.220000000000000077e-02 3.375243247147319892e+01 1.750048285048158292e-01
1.226000000000000006e-02 3.357984464335963537e+01 1.789260252171270826e-01
1.268000000000000030e-02 3.383637694542952801e+01 1.723252738283041485e-01
1.270999999999999908e-02 3.375834709418268176e+01 1.761959420645095309e-01
1.290999999999999960e-02 3.358016027397574987e+01 1.729206754555394354e-01
1.318000000000000074e-02 3.374312589273181118e+01 1.741611968838064628e-01
1.381999999999999895e-02 3.378288783087439384e+01 1.553216742763224301e-01
1.401999999999999948e-02 3.376156541913915987e+01 1.633442912990839824e-01
1.446999999999999849e-02 3.396166314699017619e+01 1.668330827503945735e-01
1.450999999999999859e-02 3.384674012800262233e+01 1.689114782955853378e-01
1.454000000000000084e-02 3.407450555754990518e+01 1.668728408100011995e-01
1.471999999999999871e-02 3.389770436346213245e+01 1.504386004322028902e-01
1.504000000000000128e-02 3.432780439537315686e+01 1.504584660296655052e-01
1.505999999999999873e-02 3.383991472428275671e+01 1.557605614396661009e-01
1.519999999999999997e-02 3.409574463778263009e+01 1.647321310491672297e-01
1.529999999999999936e-02 3.414189350142315504e+01 1.469791651901724561e-01
1.530999999999999896e-02 3.430283658111449085e+01 1.539162272146767652e-01
1.530999999999999896e-02 3.418842792665519426e+01 1.625457935475415339e-01
1.531999999999999855e-02 3.426589093507224959e+01 1.652748997882013682e-01
1.566999999999999990e-02 3.425647229597961996e+01 1.553575311982010043e-01
1.567999999999999949e-02 3.423890756809859681e+01 1.538210973826412420e-01
1.571999999999999786e-02 3.396513595320402601e+01 1.949421452636653507e-01
1.628999999999999893e-02 3.427850333570778929e+01 1.525392490475812046e-01
1.634999999999999995e-02 3.419503738851913255e+01 1.531922321790501196e-01
1.661999999999999936e-02 3.393754594679771230e+01 1.485355260535337341e-01
1.663000000000000242e-02 3.443002311205093235e+01 1.517061880741850111e-01
1.677999999999999978e-02 3.434858621293506076e+01 1.606548863246929082e-01
1.696999999999999897e-02 3.442455510068099045e+01 1.546059345562129650e-01
1.698000000000000204e-02 3.444226888880369586e+01 1.572825800907398652e-01
1.704999999999999918e-02 3.418122995194752889e+01 1.844777764393315811e-01
1.724000000000000185e-02 3.458816190403588564e+01 1.571551303648722753e-01
1.726000000000000104e-02 3.411820323137079924e+01 1.527070234141180705e-01
1.731999999999999859e-02 3.432540663205585929e+01 1.602485101334798767e-01
1.739999999999999880e-02 3.416531534111790336e+01 1.501798754827023963e-01
1.740999999999999839e-02 3.431235976711273850e+01 1.514687756602000057e-01
1.751999999999999738e-02 3.424516512855807804e+01 1.482443253551379569e-01
1.754000000000000004e-02 3.435513887993432292e+01 1.360113046772215839e-01
1.762999999999999984e-02 3.432262342324026605e+01 1.578751563736359442e-01
1.907999999999999974e-02 3.463120154677433504e+01 1.437532695280354378e-01
1.969999999999999876e-02 3.451587106276072348e+01 1.600993753891625793e-01
1.971999999999999795e-02 3.462897680906570486e+01 1.601376205018670562e-01
2.019999999999999921e-02 3.463231432636593610e+01 1.537653000517346935e-01
2.024000000000000105e-02 3.508962556141244704e+01 1.298368110360078043e-01
2.030999999999999819e-02 3.502617256356892028e+01 1.376025435811416842e-01
2.038000000000000228e-02 3.485163811759584007e+01 1.440094875346759895e-01
2.040000000000000147e-02 3.482594729987965820e+01 1.579562439411623942e-01
2.090999999999999803e-02 3.512190608440376138e+01 1.387537026532985884e-01
2.120000000000000009e-02 3.480630385657449466e+01 1.454249118961397080e-01
2.171000000000000013e-02 3.477979997084705133e+01 1.377387472717825911e-01
2.188999999999999974e-02 3.500711653462114725e+01 1.395928902200967991e-01
2.196999999999999995e-02 3.497303104352601366e+01 1.450058447097909153e-01
2.210000000000000159e-02 3.528155441168784989e+01 1.383730194076865372e-01
2.222999999999999976e-02 3.495477144127605840e+01 1.334749508334803492e-01
2.248999999999999957e-02 3.498269125627741971e+01 1.403631896189310724e-01
2.274999999999999939e-02 3.485141552777481166e+01 1.374545834084844320e-01
2.348000000000000087e-02 3.487302515216529741e+01 1.399363873336738617e-01
2.349000000000000046e-02 3.492148951906573018e+01 1.348217156099120462e-01
2.384000000000000008e-02 3.531154574394869172e+01 1.344481498571103439e-01
2.398000000000000131e-02 3.474839726759085323e+01 1.361597866478939656e-01
2.401000000000000009e-02 3.506654495370749913e+01 1.273176833750912784e-01
2.414000000000000173e-02 3.524071691549190888e+01 1.300242285114585616e-01
2.453999999999999931e-02 3.513193474766026725e+01 1.286744924217694264e-01
2.477000000000000035e-02 3.522743649658292497e+01 1.724324650406645620e-01
2.481999999999999831e-02 3.535138217324023913e+01 1.356503685951497840e-01
2.525000000000000161e-02 3.507154562989005342e+01 1.337341485933940810e-01
2.528999999999999998e-02 3.521688383819832779e+01 1.412408227107163350e-01
2.546999999999999958e-02 3.496351908290590416e+01 1.250325557604898274e-01
2.556999999999999898e-02 3.534021048909256280e+01 1.502910509644536374e-01
2.559000000000000163e-02 3.526727416041741492e+01 1.267203022408011914e-01
2.580000000000000002e-02 3.539934482689583461e+01 1.383529725014970568e-01
2.626999999999999821e-02 3.531908884167236806e+01 1.369827726394819145e-01
2.638999999999999679e-02 3.530091687221739960e+01 1.406714612137088538e-01
2.643000000000000210e-02 3.539644373350095208e+01 1.432570068094402016e-01
2.651000000000000231e-02 3.547817253153905881e+01 1.256598583478431286e-01
2.673000000000000029e-02 3.530884782356823592e+01 1.623069853703160703e-01
2.688999999999999724e-02 3.527958031418288698e+01 1.268349715181109061e-01
2.751000000000000320e-02 3.543216863395677052e+01 1.298928212027131157e-01
2.751999999999999932e-02 3.556348665429932510e+01 1.348631157878239228e-01
2.751999999999999932e-02 3.562958022351968168e+01 1.432681140379812590e-01
2.763000000000000178e-02 3.547823414515534779e+01 1.187635676459746770e-01
2.811000000000000304e-02 3.537771774707072581e+01 1.256527456922450214e-01
2.836999999999999938e-02 3.557115171584864299e+01 1.223685519240952785e-01
2.844999999999999959e-02 3.551719874285439715e+01 1.371285163633005899e-01
2.846000000000000266e-02 3.562684422406338314e+01 1.347910512608311295e-01
2.878000000000000003e-02 3.572161135272729382e+01 1.223614216164555651e-01
2.879999999999999921e-02 3.565593278894055373e+01 1.367751713579624662e-01
2.893999999999999698e-02 3.541074805558822192e+01 1.323478938253268844e-01
2.931999999999999884e-02 3.563453004272151503e+01 1.463729995593449629e-01
2.949999999999999845e-02 3.574144587935904127e+01 1.281185876444163596e-01
2.989999999999999949e-02 3.560783802174471901e+01 1.237954159086676470e-01
3.001000000000000195e-02 3.562376785879226304e+01 1.210638777670697275e-01
3.048000000000000015e-02 3.569916196327333324e+01 1.349330574766613722e-01
3.048999999999999627e-02 3.574849338348789018e+01 1.425935833058416258e-01
3.055000000000000077e-02 3.654011685240580221e+01 4.510689719987398538e-01
3.143999999999999573e-02 3.561250937691475116e+01 1.215821018900397205e-01
3.155000000000000165e-02 3.574220036412989998e+01 1.418650150671404986e-01
3.160999999999999921e-02 3.566612611146285872e+01 1.270505312857840852e-01
3.162999999999999839e-02 3.595695620913256363e+01 1.202963528125437359e-01
3.184000000000000025e-02 3.571190641043499880e+01 1.220902227862657313e-01
3.191000000000000086e-02 3.565222690751814127e+01 1.285499222092335581e-01
3.211999999999999578e-02 3.581124404515913540e+01 1.438207043509382999e-01
3.219999999999999946e-02 3.569049258439621752e+01 1.297023901090492426e-01
3.273000000000000215e-02 3.575307162421029972e+01 1.213799612786229110e-01
3.280000000000000276e-02 3.588999568287413666e+01 1.260999306106073969e-01
3.291999999999999788e-02 3.578852881283042109e+01 1.194015494036823610e-01
3.313999999999999585e-02 3.575932352879482323e+01 1.230129363115928520e-01
3.348000000000000281e-02 3.615374724914195781e+01 1.530326517446521928e-01
3.358999999999999486e-02 3.584521036120043647e+01 1.070749503852324869e-01
3.378000000000000447e-02 3.612612212445112903e+01 1.410363782858876369e-01
3.398999999999999938e-02 3.595400814996842342e+01 1.119784019353732285e-01
3.407999999999999918e-02 3.598424519365745056e+01 1.253790752079468884e-01
3.411000000000000143e-02 3.568435414430225450e+01 1.156993301622788045e-01
3.416000000000000286e-02 3.588069261679647326e+01 1.569622247548753402e-01
3.426000000000000573e-02 3.581521554757389936e+01 1.211113021150379554e-01
3.433999999999999553e-02 3.614662207961171703e+01 1.257312411455482337e-01
3.438000000000000084e-02 3.601005095829064828e+01 1.219085825526652622e-01
3.488999999999999740e-02 3.614822243274306146e+01 1.673407153086181598e-01
3.500999999999999945e-02 3.587855275363791918e+01 1.257115448158998838e-01
3.506999999999999701e-02 3.594541762595353163e+01 1.684947847857612424e-01
3.518000000000000294e-02 3.618082303517003595e+01 1.530665459857248056e-01
3.577999999999999931e-02 3.588104163104394928e+01 1.767597239192231773e-01
3.681999999999999856e-02 3.588527364922995844e+01 1.276110007013501746e-01
3.700000000000000511e-02 3.593816839236257721e+01 1.283364620830728664e-01
3.713000000000000328e-02 3.616654969704445222e+01 1.188993902423389204e-01
3.729999999999999982e-02 3.598458986249227820e+01 1.163126067973717093e-01
3.742999999999999799e-02 3.612070658471319007e+01 1.178743186618696759e-01
3.790999999999999925e-02 3.625489770889596741e+01 2.009119832165319197e-01
3.799999999999999906e-02 3.612691718589348966e+01 1.330993895553244100e-01
3.826999999999999846e-02 3.620800443940097324e+01 1.215400962645661193e-01
3.837000000000000133e-02 3.635731740585101335e+01 1.666173385335391888e-01
3.862999999999999767e-02 3.623223360246549163e+01 1.289516769956870201e-01
3.984000000000000041e-02 3.648074802273404771e+01 1.164759631855431243e-01
4.028000000000000330e-02 3.620677326999786771e+01 1.151510855354824781e-01
4.066999999999999782e-02 3.623293549846346195e+01 1.144429115323443574e-01
4.093000000000000110e-02 3.625764004220251024e+01 1.311850601250005299e-01
4.093000000000000110e-02 3.620170688827453631e+01 1.182989961918527871e-01
4.150000000000000216e-02 3.621287967133302033e+01 1.273783144809194079e-01
4.268999999999999878e-02 3.637700910609902394e+01 1.185782020440519224e-01
4.309999999999999942e-02 3.636612753464151382e+01 1.086070094423007282e-01
4.341000000000000414e-02 3.644279776726743592e+01 1.224871421823531537e-01
4.436999999999999972e-02 3.643412820254365414e+01 1.991188526985830098e-01
4.436999999999999972e-02 3.641857815163469070e+01 1.217066863405622396e-01
4.486000000000000404e-02 3.660695964491882393e+01 1.494708750894300497e-01
4.581999999999999962e-02 3.660710515129185438e+01 1.263868466257466183e-01
4.596999999999999698e-02 3.654486639391455327e+01 1.050828720581998554e-01
4.651000000000000273e-02 3.659284074329752201e+01 1.187494526303174286e-01
4.710000000000000298e-02 3.648168498641746282e+01 1.468834316728745426e-01
4.712999999999999828e-02 3.669630363293625663e+01 1.179092447605360611e-01
4.713999999999999441e-02 3.670673472846846153e+01 1.257841901830273612e-01
4.818999999999999673e-02 3.676827832270507201e+01 1.242520321765402808e-01
4.948999999999999927e-02 3.682732155344629632e+01 1.274645538963675995e-01
4.976000000000000562e-02 3.676676566933203816e+01 1.370535388087443796e-01
5.034999999999999892e-02 3.682021937475548157e+01 1.647374805561867273e-01
5.066999999999999976e-02 3.695561327945551255e+01 1.593807704837694739e-01
5.091999999999999998e-02 3.672389690439148069e+01 1.241286832283336472e-01
5.322000000000000342e-02 3.702484260366617264e+01 1.294680559056943514e-01
5.343999999999999445e-02 3.709959439763446909e+01 1.410960842830161766e-01
5.358999999999999875e-02 3.686839078663314950e+01 1.451584995789085841e-01
5.417999999999999206e-02 3.692180888919420312e+01 1.154477912304951864e-01
5.457999999999999657e-02 3.679812617748000747e+01 1.036086145067098147e-01
5.494999999999999885e-02 3.678328288127723766e+01 1.181140550484996304e-01
5.572999999999999482e-02 3.681196109929044979e+01 1.109736793118079878e-01
5.581000000000000544e-02 3.685598299569306135e+01 1.244848484756277546e-01
5.683999999999999470e-02 3.731456010613675289e+01 1.218146953368106633e-01
5.714999999999999941e-02 3.703381909040963649e+01 1.088376313597461675e-01
5.721000000000000391e-02 3.703677267982791221e+01 1.109941665133803296e-01
5.890000000000000097e-02 3.713786135612959782e+01 1.152169366890128666e-01
5.895000000000000240e-02 3.713845454810468993e+01 1.018772423066113403e-01
5.947999999999999815e-02 3.715654682435813072e+01 1.273262443489165396e-01
6.118999999999999440e-02 3.720595387087949035e+01 1.200201337276375485e-01
6.441000000000000891e-02 3.731608365389674731e+01 1.094000914076400516e-01
6.454999999999999627e-02 3.725132087339914477e+01 1.144565201288244710e-01
6.481000000000000649e-02 3.712692135858961251e+01 1.117729394800011516e-01
6.558999999999999553e-02 3.734942732319468206e+01 1.275188515475260964e-01
6.640999999999999681e-02 3.762988819171877708e+01 1.142920163440999115e-01
6.844999999999999696e-02 3.765021720463522570e+01 1.258002782190882074e-01
6.876999999999999780e-02 3.733849477495695623e+01 1.117279396570079048e-01
6.887999999999999678e-02 3.761486498548528346e+01 1.519276225707491268e-01
7.059999999999999609e-02 3.780677028249617422e+01 3.003249365270889704e-01
7.062999999999999834e-02 3.746870258810273668e+01 1.243022324819630792e-01
7.141000000000000125e-02 3.747890455420473899e+01 1.208343907999705202e-01
7.180000000000000271e-02 3.748562755810649350e+01 1.270532959037269649e-01
7.368999999999999162e-02 3.792978779965962133e+01 1.576433950408325790e-01
7.514999999999999458e-02 3.758836827858204543e+01 1.260232518228283083e-01
7.522999999999999132e-02 3.758633507653088657e+01 1.033480648101356564e-01
7.549999999999999767e-02 3.760044908219497017e+01 1.209414010998715178e-01
7.877000000000000668e-02 3.807062054807428098e+01 1.143199129635777828e-01
7.882999999999999730e-02 3.798878649701298116e+01 1.241635514150590119e-01
7.975999999999999757e-02 3.784835614142299676e+01 1.061824726590975682e-01
8.161999999999999811e-02 3.795085169949863513e+01 1.076740103274694549e-01
8.222999999999999754e-02 3.769887177015544921e+01 1.248112374748363840e-01
8.286000000000000310e-02 3.793807195766980556e+01 1.079445227883286257e-01
8.327999999999999292e-02 3.813400282699205945e+01 1.180211951303663104e-01
8.533999999999999919e-02 3.795246870697834396e+01 1.067774554856969760e-01
8.575000000000000677e-02 3.803377194701729280e+01 1.013182979525416166e-01
8.797999999999998877e-02 3.818151418368616135e+01 1.070004439243127659e-01
8.832999999999999186e-02 3.805448256916024974e+01 1.164919632421052564e-01
8.859000000000000208e-02 3.813176956947302187e+01 1.064128399207539266e-01
8.959999999999999909e-02 3.825763456823964503e+01 1.171725117081647283e-01
9.120999999999999941e-02 3.817143146999455183e+01 1.106399792118563236e-01
9.201000000000000845e-02 3.812165823768977901e+01 1.142322852787249488e-01
9.278000000000000136e-02 3.814552174824687825e+01 1.093526862953078105e-01
9.389999999999999736e-02 3.818040077975066282e+01 1.497164236147791594e-01
9.400000000000000022e-02 3.829901096459057896e+01 1.032381833431797596e-01
9.640999999999999570e-02 3.830952846674274781e+01 1.482532546017118757e-01
9.929000000000000326e-02 3.838811958264431468e+01 1.101431454971211477e-01
1.003600000000000048e-01 3.829882276932301011e+01 1.119356176558650023e-01
1.004400000000000015e-01 3.851103492426023678e+01 1.098400314093181673e-01
1.022699999999999998e-01 3.846518875771659651e+01 1.110036035451101993e-01
1.024200000000000110e-01 3.835105883153352835e+01 1.081101521597301329e-01
1.028000000000000025e-01 3.841608024342349381e+01 1.445996196398870171e-01
1.029299999999999937e-01 3.861818462664864882e+01 1.235984526602173922e-01
1.029800000000000021e-01 3.848626307648463296e+01 1.034157628217284991e-01
1.034000000000000058e-01 3.854133754846552762e+01 1.011189893145693908e-01
1.035999999999999976e-01 3.857914350642083434e+01 1.059480651073911872e-01
1.058800000000000019e-01 3.862382734759366798e+01 1.006008573522114702e-01
1.064299999999999968e-01 3.861472899690434701e+01 1.029122563157566783e-01
1.068900000000000128e-01 3.866755770538285475e+01 1.050246994758851915e-01
1.072000000000000036e-01 3.853893682287438338e+01 1.115525436733739439e-01
1.075699999999999990e-01 3.864516327513935323e+01 1.090948784315744075e-01
1.090200000000000058e-01 3.850593836227060507e+01 1.032526634039044877e-01
1.098900000000000154e-01 3.856698846272485071e+01 1.211627933814667379e-01
1.122900000000000148e-01 3.848489934716533156e+01 1.028899897949261122e-01
1.137599999999999861e-01 3.872300849494149588e+01 1.069962265689776565e-01
1.163900000000000073e-01 3.869508557363054280e+01 1.020741274760651601e-01
1.165900000000000131e-01 3.862894969678350066e+01 1.038192178741489113e-01
1.176200000000000023e-01 3.865640029850094095e+01 1.061616573909808514e-01
1.178200000000000081e-01 3.879439114273888833e+01 9.932630567981474978e-02
1.178700000000000025e-01 3.853288593571965492e+01 1.138474527602616193e-01
1.187000000000000000e-01 3.891886957556363313e+01 1.245825830523673156e-01
1.187000000000000000e-01 3.884235659385005590e+01 1.340696460799385981e-01
1.194400000000000045e-01 3.894563604954796432e+01 1.246867474914635787e-01
1.198099999999999860e-01 3.875698700195341928e+01 1.421645173733586676e-01
1.200500000000000039e-01 3.866175018340176450e+01 1.023297366360336053e-01
1.202900000000000080e-01 3.890783969630270178e+01 1.131591688728756928e-01
1.206799999999999956e-01 3.894074629064806459e+01 1.917254547523619679e-01
1.217499999999999971e-01 3.881968549572319915e+01 9.831407579792426910e-02
1.218000000000000055e-01 3.860926702335373051e+01 1.346435572168233896e-01
1.221099999999999963e-01 3.871593767790265161e+01 1.151831042297436908e-01
1.228999999999999954e-01 3.868304229268647276e+01 1.169005025652156970e-01
1.229099999999999915e-01 3.884223994565887494e+01 1.035831067307792369e-01
1.234700000000000103e-01 3.897745929435011192e+01 1.031548229604413447e-01
1.236499999999999960e-01 3.875916740637303093e+01 1.085964087804011935e-01
1.236799999999999983e-01 3.867652879979387848e+01 1.025152915422865019e-01
1.243999999999999967e-01 3.892921580678491011e+01 1.009533803297343602e-01
1.253100000000000047e-01 3.883841219688729041e+01 1.039412213705419169e-01
1.262000000000000066e-01 3.893435497373111787e+01 1.134087518668643185e-01
1.263099999999999778e-01 3.893048203597606971e+01 1.351983265428977066e-01
1.267199999999999993e-01 3.895355629740686965e+01 1.101545505188051693e-01
1.267900000000000138e-01 3.890852597058907492e+01 1.200711976287402727e-01
1.268700000000000105e-01 3.899803907002291226e+01 1.041416943399712525e-01
1.278299999999999992e-01 3.887301721240099539e+01 1.324440259128361053e-01
1.289099999999999968e-01 3.885631508578226345e+01 1.283716382227787778e-01
1.291299999999999948e-01 3.896554563049703290e+01 1.147628642026679302e-01
1.292400000000000215e-01 3.885750449420081765e+01 1.092318291524956575e-01
1.294099999999999973e-01 3.885811563357722065e+01 1.079804148908495298e-01
1.299500000000000099e-01 3.902100775599449634e+01 1.220561243854645650e-01
1.322599999999999887e-01 3.902535824679831222e+01 1.336146698532762189e-01
1.326900000000000024e-01 3.902888697992619882e+01 9.981159752253242201e-02
1.336600000000000010e-01 3.914105287198770355e+01 1.013874005979046589e-01
1.352299999999999891e-01 3.900244163995458280e+01 1.219091670056029891e-01
1.352700000000000014e-01 3.909916622187618174e+01 1.138309931433438837e-01
1.365299999999999847e-01 3.906576984888148729e+01 1.108397942978964629e-01
1.365900000000000170e-01 3.909313424272092163e+01 1.233554315788324002e-01
1.367200000000000082e-01 3.903624631452343152e+01 1.141307583432266404e-01
1.367900000000000227e-01 3.904399521741286350e+01 1.110901773335518650e-01
1.371199999999999919e-01 3.913537403496446387e+01 1.144821055886028061e-01
1.379599999999999993e-01 3.889102041085812544e+01 1.051205141730195275e-01
1.380599999999999883e-01 3.929580318233320924e+01 1.028301633763167716e-01
1.381599999999999773e-01 3.904455050803090899e+01 1.172345512210457574e-01
1.382299999999999918e-01 3.913178475732933492e+01 1.041776607531576387e-01
1.384700000000000097e-01 3.901337878071831966e+01 1.336471193105186195e-01
1.385500000000000065e-01 3.936397674723416884e+01 1.311039663778331421e-01
1.388000000000000067e-01 3.905019735440230733e+01 1.075749738554465096e-01
1.394700000000000106e-01 3.923224085557713892e+01 1.132689057067295946e-01
1.405500000000000083e-01 3.920221259581235529e+01 1.166991323875203462e-01
1.413500000000000034e-01 3.929822820246887716e+01 1.325510373403392117e-01
1.416700000000000181e-01 3.938629172940896694e+01 1.050776141716207868e-01
1.434300000000000019e-01 3.915782148072229774e+01 1.085104948841355138e-01
1.439300000000000024e-01 3.940684750849798945e+01 1.133458865596806836e-01
1.440599999999999936e-01 3.928702332782931705e+01 1.052230844444316804e-01
1.446199999999999986e-01 3.921009067623652555e+01 1.399322782634514206e-01
1.451900000000000135e-01 3.907982450114147355e+01 1.401847709275155229e-01
1.453900000000000192e-01 3.931239902496945859e+01 1.726322246858911225e-01
1.456599999999999839e-01 3.920935937068343691e+01 1.278658378926912642e-01
1.464799999999999991e-01 3.923300192354138005e+01 1.113222012897696761e-01
1.471099999999999908e-01 3.938211150392424287e+01 1.037590839396724807e-01
1.472299999999999998e-01 3.895719843773905211e+01 1.221490482975614578e-01
1.476099999999999912e-01 3.915353470379314160e+01 1.140302043320102071e-01
1.477400000000000102e-01 3.943865601315339120e+01 1.027247292525027833e-01
1.486400000000000221e-01 3.923204935788139380e+01 1.067273863635758713e-01
1.494900000000000118e-01 3.912457774637518071e+01 1.670360065973800767e-01
1.506200000000000039e-01 3.933310981342309987e+01 1.164900532234404984e-01
1.506900000000000184e-01 3.938945611748849274e+01 1.104662844491476476e-01
1.517099999999999838e-01 3.933714976689288534e+01 1.037815373753925297e-01
1.525299999999999989e-01 3.925827345025148674e+01 1.140338217372372370e-01
1.526900000000000202e-01 3.941135751766445594e+01 1.163229448561202695e-01
1.528599999999999959e-01 3.939451294577038709e+01 1.029830447209636596e-01
1.529800000000000049e-01 3.926857587379990377e+01 1.100975022423306415e-01
1.533299999999999941e-01 3.921033188943541603e+01 1.051684006724453307e-01
1.535200000000000176e-01 3.938874164883884532e+01 1.054657171786168579e-01
1.547400000000000164e-01 3.952730491423746884e+01 1.050132610673528283e-01
1.549000000000000099e-01 3.949061069235730059e+01 1.068043772511220596e-01
1.549900000000000166e-01 3.954242287859844396e+01 1.184046768501987867e-01
1.562500000000000000e-01 3.949658727288642979e+01 1.263772625910214997e-01
1.567000000000000060e-01 3.923732359520700186e+01 1.551990254479711506e-01
1.567999999999999949e-01 3.914767742845564413e+01 1.108895170879556080e-01
1.567999999999999949e-01 3.924135441776921596e+01 1.258810053185150102e-01
1.581899999999999973e-01 3.930245097678998434e+01 1.241960647524711220e-01
1.588099999999999790e-01 3.916918283971705250e+01 1.249492496976272321e-01
1.593299999999999994e-01 3.958823240593768134e+01 1.059371275804663198e-01
1.594799999999999829e-01 3.949031873514084623e+01 1.778207383856000023e-01
1.601799999999999891e-01 3.970210495650424321e+01 1.109752111960144033e-01
1.603099999999999803e-01 3.942480648716135505e+01 1.294517863916910261e-01
1.603999999999999870e-01 3.958898857729798237e+01 1.100831617460181766e-01
1.604599999999999915e-01 3.958681246234425544e+01 1.673509187306720103e-01
1.605300000000000060e-01 3.949208821600700503e+01 1.161075148300057258e-01
1.613900000000000057e-01 3.949706054012735024e+01 1.206531702857409349e-01
1.616299999999999959e-01 3.974876445658336621e+01 1.303697434223140550e-01
1.626700000000000090e-01 3.947509425366457947e+01 1.307882257697534634e-01
1.638199999999999934e-01 3.957348118570728701e+01 1.196938699349302665e-01
1.644799999999999873e-01 3.946836025385633917e+01 1.088828498892272650e-01
1.650299999999999823e-01 3.937472885104675413e+01 1.163839443394147910e-01
1.651400000000000090e-01 3.969841883348755118e+01 1.072274335233292797e-01
1.657599999999999907e-01 3.959739862390181742e+01 1.220459442177412174e-01
1.679900000000000004e-01 3.970030432907494600e+01 1.223617995944812770e-01
1.693999999999999950e-01 3.933210048730057906e+01 1.148757372119979109e-01
1.694099999999999773e-01 3.943880161088625158e+01 1.321133604144562046e-01
1.700800000000000090e-01 3.938952789673236765e+01 1.075018604490173418e-01
1.704299999999999982e-01 3.952879915149642187e+01 1.429248491340816551e-01
1.714400000000000091e-01 3.964644089132411153e+01 1.734544536758857447e-01
1.715700000000000003e-01 3.951653770549806666e+01 1.163039014822804529e-01
1.728099999999999914e-01 3.956881429484236889e+01 1.311983422151362377e-01
1.733099999999999918e-01 3.962837506654427244e+01 9.977348094558995129e-02
1.735399999999999998e-01 3.959719969831389363e+01 1.287052252241532024e-01
1.735900000000000221e-01 3.962071018185084625e+01 1.087797315679717991e-01
1.736499999999999988e-01 3.946585844518957487e+01 1.376787020566362096e-01
1.737100000000000033e-01 3.967628043144695482e+01 1.270604678883247296e-01
1.741999999999999937e-01 3.988523482340869464e+01 1.119662449133666388e-01
1.742400000000000060e-01 3.952166197492020672e+01 1.109207036580637656e-01
1.746099999999999874e-01 3.964519367937777616e+01 1.320954957596965074e-01
1.753699999999999981e-01 3.948740535006802332e+01 1.253189331266429118e-01
1.767499999999999905e-01 3.962738238794857182e+01 1.294121130342905657e-01
1.768500000000000072e-01 3.960534718891452854e+01 1.065018779177156066e-01
1.770799999999999874e-01 3.961535236399054583e+01 1.277197322264652934e-01
1.774599999999999789e-01 3.966476650076981514e+01 1.294667621438027605e-01
1.774799999999999989e-01 3.956794354642583755e+01 1.215940068424426895e-01
1.776999999999999968e-01 3.979305406767002040e+01 1.108392642523397392e-01
1.777200000000000168e-01 3.979976248055027099e+01 1.228414628698307198e-01
1.781800000000000050e-01 3.993278256592646613e+01 1.290071703433572636e-01
1.783099999999999963e-01 3.963843460703657229e+01 1.138553029068035960e-01
1.786999999999999977e-01 3.987210540306892170e+01 1.156302944733775262e-01
1.789300000000000057e-01 3.965589832599852116e+01 1.228950772000245717e-01
1.791999999999999982e-01 4.009284348019249222e+01 1.494656064116424155e-01
1.796699999999999964e-01 3.966831342025697182e+01 1.701638328200208439e-01
1.797199999999999909e-01 3.965529634704555662e+01 1.136433566030148612e-01
1.800400000000000056e-01 3.981154155075120116e+01 1.436507657480460554e-01
1.804599999999999815e-01 3.974225127052150697e+01 1.060404286109783711e-01
1.805799999999999905e-01 3.993702575919382269e+01 1.120648026813057807e-01
1.806000000000000105e-01 3.968046979735596125e+01 1.145561216173103386e-01
1.807099999999999818e-01 3.963364099330821944e+01 1.644950227210537907e-01
1.812199999999999922e-01 3.977379985039998189e+01 1.057123573665822713e-01
1.814099999999999879e-01 3.999377118970491551e+01 1.595353565827963838e-01
1.815200000000000147e-01 3.959987309559136293e+01 1.260447638737920706e-01
1.821200000000000041e-01 3.979500473023098550e+01 1.379039792754364335e-01
1.822300000000000031e-01 3.980413964812382943e+01 1.265239601814612813e-01
1.826099999999999945e-01 3.975488582254902070e+01 1.378425732493412381e-01
1.835299999999999987e-01 3.951577754425740352e+01 1.249466085974325347e-01
1.835600000000000009e-01 3.983072577567735095e+01 1.286389132416781433e-01
1.836500000000000077e-01 3.987344525717761456e+01 1.416652833265793499e-01
1.844599999999999851e-01 3.985501386777731625e+01 1.308686841838030968e-01
1.845999999999999863e-01 3.978769380563012703e+01 1.084612834148665217e-01
1.845999999999999863e-01 3.981603672235203817e+01 1.120528892978668312e-01
1.847799999999999998e-01 3.991260084549507070e+01 1.058643471618277987e-01
1.848400000000000043e-01 3.964924531384839668e+01 1.237251793290274487e-01
1.853799999999999892e-01 3.977866679031720309e+01 1.043080893315566499e-01
1.854200000000000015e-01 3.971142832406843581e+01 1.285089101969197900e-01
1.854200000000000015e-01 3.987486014508952792e+01 1.171292448537085140e-01
1.856200000000000072e-01 3.983606750297282417e+01 1.300041345496365242e-01
1.862800000000000011e-01 3.976516939522924332e+01 1.140751835413820470e-01
1.890499999999999958e-01 3.986879234603188138e+01 1.189073168480392628e-01
1.890999999999999903e-01 3.979210308287889575e+01 1.305389692773770705e-01
1.891400000000000026e-01 3.992098389871913611e+01 1.290413015278441822e-01
1.895900000000000085e-01 3.981276843736224436e+01 1.606551430860524987e-01
1.898799999999999932e-01 3.976841912909894461e+01 1.187118570320589289e-01
1.900499999999999967e-01 4.004643018660301124e+01 1.553627690278465701e-01
1.902400000000000202e-01 3.991352989197350354e+01 1.184651108976815942e-01
1.907000000000000084e-01 3.982842462867757405e+01 1.194674328007428038e-01
1.914099999999999968e-01 3.977087595455481051e+01 1.553170064738565725e-01
1.918999999999999873e-01 3.993236040903183692e+01 1.405849565209592311e-01
1.935800000000000021e-01 3.998677749383483615e+01 1.362961114632401938e-01
1.957000000000000128e-01 3.985714693474488968e+01 1.294722460606905490e-01
1.958199999999999941e-01 3.978560698165721732e+01 1.153508127409599154e-01
1.958999999999999908e-01 3.992277232598219427e+01 1.195927986962425776e-01
1.960199999999999998e-01 3.991448100085127493e+01 1.092672412024756901e-01
1.963000000000000023e-01 4.001011628196370395e+01 1.371156993199538765e-01
1.965000000000000080e-01 3.976520893996984540e+01 1.386653976304110247e-01
1.969400000000000039e-01 3.991391641428665338e+01 1.169612542682404721e-01
1.973099999999999854e-01 3.994017615747355165e+01 1.124771532356682591e-01
1.977700000000000014e-01 3.983214027748571340e+01 1.292474371119211041e-01
1.983999999999999930e-01 4.010603571926713329e+01 1.319515441364745856e-01
1.984499999999999875e-01 3.967893836529077589e+01 1.391891967790603868e-01
1.985999999999999988e-01 3.997298965217216704e+01 1.225741816207638474e-01
1.993999999999999939e-01 4.012884536815954561e+01 1.416994266043444528e-01
1.995800000000000074e-01 3.962450045602894022e+01 1.531834276284481100e-01
1.998000000000000054e-01 4.023079811482425328e+01 1.362163995266355565e-01
2.007200000000000095e-01 4.038549207630412496e+01 1.609398956132381819e-01
2.007299999999999918e-01 4.023859420066498416e+01 2.116325057735696791e-01
2.019200000000000161e-01 4.019155522095797295e+01 1.151151923075316857e-01
2.024400000000000088e-01 4.037449337050676235e+01 1.379661643302443896e-01
2.028400000000000203e-01 4.008027407534220998e+01 1.167846522450617236e-01
2.029099999999999793e-01 4.005075548039523881e+01 1.212722556894197390e-01
2.029900000000000038e-01 4.017442893572832219e+01 1.385276687163975728e-01
2.031099999999999850e-01 4.016519899714110409e+01 1.259137502419811205e-01
2.031400000000000150e-01 4.008561139002318185e+01 1.207302468315210597e-01
2.032400000000000040e-01 3.999865200098496842e+01 1.199355764566961136e-01
2.043099999999999916e-01 4.001628691341912258e+01 1.247508817604108117e-01
2.049300000000000288e-01 4.009157580219225281e+01 1.571329055290456855e-01
2.053199999999999747e-01 3.997005740791269801e+01 1.354974354000842429e-01
2.056199999999999695e-01 4.001223659767650531e+01 1.214036140318730389e-01
2.058400000000000230e-01 3.984072658281973389e+01 1.580039319131014697e-01
2.071000000000000063e-01 3.995072645661056754e+01 1.860639742131721674e-01
2.082400000000000084e-01 3.989986897656653042e+01 1.212072708215146677e-01
2.082699999999999829e-01 4.015366518215135727e+01 1.323181582399029499e-01
2.086099999999999899e-01 4.020262872748219962e+01 1.132312125696797456e-01
2.088000000000000134e-01 4.012579254114078964e+01 1.614840626811203106e-01
2.098199999999999787e-01 3.981507418278082611e+01 1.587241632518502366e-01
2.102800000000000225e-01 3.999549230134701361e+01 1.338764168925953846e-01
2.103699999999999737e-01 3.997782652733934583e+01 1.207158647403066137e-01
2.105300000000000227e-01 4.010715520190076688e+01 1.510796561420497675e-01
2.107300000000000284e-01 3.981740738693466852e+01 1.626034593727944122e-01
2.107499999999999929e-01 4.009471754709218771e+01 1.273373766810043939e-01
2.107499999999999929e-01 4.014831066311214869e+01 1.057169215404989010e-01
2.107900000000000051e-01 4.007241223010777276e+01 1.234987449328939502e-01
2.113900000000000223e-01 4.006962570152404624e+01 1.279744310399542340e-01
2.115400000000000058e-01 4.030046019855306128e+01 1.820612396969766567e-01
2.119800000000000295e-01 4.029838491501536879e+01 1.233284537322997532e-01
2.123099999999999987e-01 4.015820417175829959e+01 1.306519996019961383e-01
2.131099999999999939e-01 4.007390415901410563e+01 1.432100729697460828e-01
2.131300000000000139e-01 4.006369768962807143e+01 1.236090712690618015e-01
2.132699999999999874e-01 4.008747002917451852e+01 1.367225840890962663e-01
2.143199999999999827e-01 4.022184923935865442e+01 1.311218517257897731e-01
2.143400000000000027e-01 4.013691854063883113e+01 1.736926380132445269e-01
2.149000000000000077e-01 4.004977354164231684e+01 1.485773367643934972e-01
2.164099999999999913e-01 4.023216444604000941e+01 1.158855146254267610e-01
2.165099999999999802e-01 4.006704265545513977e+01 1.365336130775129109e-01
2.173100000000000032e-01 4.047035765706891652e+01 1.397192452742284097e-01
2.173499999999999877e-01 4.011439951662181613e+01 1.568893957538239903e-01
2.179099999999999926e-01 4.016540602537303073e+01 1.425085874605456771e-01
2.184000000000000108e-01 4.028682710634539177e+01 1.417558111683609179e-01
2.185999999999999888e-01 4.009542986301956091e+01 1.687134997562435845e-01
2.186099999999999988e-01 4.024273276985150716e+01 1.346175972895074235e-01
2.191099999999999992e-01 4.018168662712746908e+01 1.263807145097700368e-01
2.192900000000000127e-01 4.058330542826988818e+01 1.536296195399832476e-01
2.194599999999999884e-01 4.038486632503168750e+01 1.026422914787077367e-01
2.195000000000000007e-01 4.032032930379629221e+01 1.348600200207607791e-01
2.198599999999999999e-01 4.005879053683516133e+01 1.085698968406988846e-01
2.204300000000000148e-01 4.018123465548557505e+01 1.546709976045929635e-01
2.214599999999999902e-01 4.045254378359283720e+01 1.493732824169034523e-01
2.214599999999999902e-01 4.031375164074738393e+01 1.199781021686874283e-01
2.222999999999999976e-01 4.022614256255272380e+01 1.394310582330923753e-01
2.225900000000000101e-01 4.030411429545205237e+01 1.548054424107886407e-01
2.230800000000000283e-01 4.027268000537824832e+01 1.283427832018614045e-01
2.237400000000000222e-01 4.035106315734357452e+01 1.224976836515695167e-01
2.242500000000000049e-01 4.028541802569029073e+01 1.536435729212257129e-01
2.244800000000000129e-01 4.031249953855080292e+01 1.540414311151386273e-01
2.250999999999999945e-01 4.018073224601494076e+01 1.297723872786503141e-01
2.255599999999999827e-01 4.044586656825128301e+01 1.230310936308379038e-01
2.256199999999999872e-01 4.031778564839094514e+01 1.244779799803965303e-01
2.264400000000000024e-01 4.035123573777651274e+01 1.411961224680054472e-01
2.279599999999999960e-01 4.004210854191458679e+01 1.506273796492523520e-01
2.285300000000000109e-01 4.051791261374440012e+01 1.291548392434445358e-01
2.288900000000000101e-01 4.038040776866374415e+01 1.437330424780607074e-01
2.293900000000000106e-01 4.045282014113040248e+01 1.273054005138823663e-01
2.294300000000000228e-01 4.038307760941489022e+01 1.412849602753244171e-01
2.302699999999999747e-01 4.012600043414258266e+01 1.466269842150482172e-01
2.307099999999999984e-01 4.011621036360018877e+01 1.527195878071964663e-01
2.308599999999999819e-01 4.029069665976205528e+01 1.539182006781524281e-01
2.315199999999999758e-01 4.048436264696311326e+01 1.500725158048601682e-01
2.335300000000000153e-01 4.057272912131943343e+01 1.528721524673476995e-01
2.335900000000000198e-01 4.039712591798163288e+01 1.538711798875929959e-01
2.336199999999999943e-01 4.021632460450224755e+01 1.600646275727401202e-01
2.346599999999999797e-01 4.047752926024618603e+01 1.952874099884577830e-01
2.351699999999999902e-01 4.049684341211573724e+01 1.459859411039295951e-01
2.360300000000000176e-01 4.046751386587834531e+01 1.233750075987839478e-01
2.364300000000000290e-01 4.030852629172105139e+01 1.434457301560419229e-01
2.365699999999999747e-01 4.052381871097096422e+01 1.461928349817459283e-01
2.368000000000000105e-01 4.052941238497550103e+01 1.243284561152433881e-01
2.375300000000000189e-01 4.038319464449097040e+01 1.318207305396233986e-01
2.382300000000000251e-01 4.056878963228506052e+01 1.435578716058440452e-01
2.385099999999999998e-01 4.034331437691957944e+01 2.472219549311913123e-01
2.394300000000000317e-01 4.027446183471712260e+01 1.480115198219381922e-01
2.400100000000000011e-01 4.018719557454997471e+01 1.644951063101878497e-01
2.407400000000000095e-01 4.050843280943407620e+01 1.182229778850118485e-01
2.411099999999999910e-01 4.060721889626682923e+01 1.120805513905066414e-01
2.414599999999999802e-01 4.074961861503376070e+01 1.303852656552879075e-01
2.416199999999999737e-01 4.041533056221150133e+01 1.519495557742766012e-01
2.417699999999999849e-01 4.048257319116048336e+01 1.570910086542192940e-01
2.423699999999999743e-01 4.051040476489709619e+01 1.521392043491749113e-01
2.427499999999999936e-01 4.063593707767215335e+01 1.215308191365466056e-01
2.428800000000000125e-01 4.049560158372681684e+01 1.177361669156933299e-01
2.431699999999999695e-01 4.024139053619615680e+01 1.549259097117070272e-01
2.441000000000000114e-01 4.041977053935207209e+01 1.450765487596117342e-01
2.448800000000000143e-01 4.058546242537295257e+01 1.299873840032177708e-01
2.449400000000000188e-01 4.034342332153671862e+01 1.238958635306280226e-01
2.451000000000000123e-01 4.027590142442070942e+01 1.442664895254612001e-01
2.452599999999999780e-01 4.052029496106756312e+01 1.883262329045000683e-01
2.452699999999999880e-01 4.060345331080013409e+01 1.472114210922508271e-01
2.452999999999999903e-01 4.043672283844463067e+01 1.412179786712725871e-01
2.457499999999999962e-01 4.052201366022557494e+01 1.226881412362254287e-01
2.458300000000000207e-01 4.048503691482133604e+01 1.310253124400014568e-01
2.459900000000000142e-01 4.037919404064098927e+01 1.220863628748108803e-01
2.461500000000000077e-01 4.056644648519035457e+01 1.466036919726102783e-01
2.461599999999999899e-01 4.047953004716836745e+01 1.307223106435928817e-01
2.464900000000000146e-01 4.080281398277471538e+01 1.082541800578619567e-01
2.480499999999999927e-01 4.059187491419694283e+01 1.345012546409883880e-01
2.482800000000000284e-01 4.035850437495601284e+01 1.389448091869573965e-01
2.483199999999999852e-01 4.067719403605892836e+01 1.327512900125644713e-01
2.484900000000000164e-01 4.074255954181672479e+01 1.471853678189513348e-01
2.486199999999999799e-01 4.044180124481872696e+01 1.400913898139353742e-01
2.487999999999999934e-01 4.066470167881649189e+01 1.597230258916979007e-01
2.489999999999999991e-01 4.056691929236593097e+01 1.160179835197974740e-01
2.493100000000000038e-01 4.033818624443198786e+01 1.410364137377294325e-01
2.494300000000000128e-01 4.078395767163599572e+01 1.445824245888828741e-01
2.495400000000000118e-01 4.075804034028865885e+01 1.248527332500174031e-01
2.499900000000000178e-01 4.050511298214453149e+01 1.331908499109454580e-01
2.500100000000000100e-01 4.036016591290410105e+01 1.626152668109608901e-01
2.500999999999999890e-01 4.047169593810816224e+01 1.323911722887897158e-01
2.501200000000000090e-01 4.055040468349897509e+01 1.432803458259366280e-01
2.505000000000000004e-01 4.047333356249398406e+01 1.115654516416260400e-01
2.505100000000000104e-01 4.076067561087781144e+01 1.317899749601615100e-01
2.508500000000000174e-01 4.061513279011430200e+01 1.660100298174781996e-01
2.514899999999999913e-01 4.046981544081786808e+01 1.267419425446840719e-01
2.516300000000000203e-01 4.051622817961152379e+01 1.463225717379242896e-01
2.521800000000000153e-01 4.060562970300899366e+01 1.610603070281439730e-01
2.524899999999999922e-01 4.066554738836079963e+01 1.134060734705156781e-01
2.534000000000000141e-01 4.066054172232203712e+01 1.126061610215000619e-01
2.557699999999999974e-01 4.071002968234063957e+01 1.818983919665042026e-01
2.562599999999999878e-01 4.032545192732054318e+01 1.615603525002344276e-01
2.564099999999999713e-01 4.043183339140342980e+01 1.750017571340356515e-01
2.565399999999999903e-01 4.086380867170237252e+01 1.481700796382319496e-01
2.569000000000000172e-01 4.063889003364263175e+01 1.672561284377944435e-01
2.569299999999999917e-01 4.038689099289422302e+01 1.447226312640839396e-01
2.574000000000000177e-01 4.076755532169577378e+01 1.501179536231426193e-01
2.576900000000000301e-01 4.079371365823591589e+01 1.429736951330558559e-01
2.584800000000000431e-01 4.044458173997578143e+01 1.409752371872450560e-01
2.604299999999999948e-01 4.051504046122538227e+01 1.522163920213588650e-01
2.605099999999999638e-01 4.085480784086947637e+01 1.227943504400752089e-01
2.608800000000000008e-01 4.079225975178042063e+01 1.423747431955541820e-01
2.610999999999999988e-01 4.077972188528804764e+01 1.387781593046975015e-01
2.613199999999999967e-01 4.076908135070200956e+01 1.789495250063548037e-01
2.613599999999999812e-01 4.078578877951110826e+01 1.584624166797919120e-01
2.619900000000000007e-01 4.071546778560993829e+01 1.083653311719204870e-01
2.631199999999999650e-01 4.072690840474337648e+01 1.314379891812104684e-01
2.631800000000000250e-01 4.101348934114390943e+01 1.430768412427392000e-01
2.632700000000000040e-01 4.076001759486698006e+01 1.515198996831769451e-01
2.634900000000000020e-01 4.081379247321484627e+01 1.080686818648215058e-01
2.637700000000000045e-01 4.045766636230897717e+01 1.570664588637561421e-01
2.638800000000000034e-01 4.070933206466011001e+01 1.419290844048534117e-01
2.638800000000000034e-01 4.082670579508960884e+01 1.296912776558238611e-01
2.641900000000000359e-01 4.044590804888065350e+01 1.666104588553792010e-01
2.646000000000000019e-01 4.077593258601230275e+01 1.390332693998094782e-01
2.655000000000000138e-01 4.081125220771550488e+01 1.302445392329367457e-01
2.665800000000000392e-01 4.078085173481184711e+01 1.477801661252280685e-01
2.680099999999999705e-01 4.057915943372745460e+01 1.672688330203806750e-01
2.682599999999999985e-01 4.059904968806040415e+01 1.528808277711760644e-01
2.682800000000000185e-01 4.100302587035280766e+01 1.627729323321294719e-01
2.684799999999999964e-01 4.074533974619549781e+01 1.444892124000957956e-01
2.684900000000000064e-01 4.091752503132794772e+01 1.052911677207542390e-01
2.686199999999999699e-01 4.093047825107587556e+01 9.950298990482647765e-02
2.699099999999999833e-01 4.059440499755231713e+01 1.271144464645934946e-01
2.700099999999999723e-01 4.065874783348640875e+01 1.374025381861630757e-01
2.704699999999999882e-01 4.089315196102040773e+01 1.243707964113762582e-01
2.705699999999999772e-01 4.069576454371885887e+01 1.691259294135585844e-01
2.708800000000000097e-01 4.089451926860746767e+01 1.201789082992519159e-01
2.713099999999999956e-01 4.086529586315917584e+01 1.080516196084075342e-01
2.730699999999999794e-01 4.082279109228630176e+01 1.452085655187048685e-01
2.744599999999999818e-01 4.071273054017700588e+01 1.526580492473292305e-01
2.750900000000000012e-01 4.091625229325987334e+01 1.163620105532729293e-01
2.750900000000000012e-01 4.074132005316239713e+01 1.383782316695801595e-01
2.751099999999999657e-01 4.080984365833665350e+01 1.552089961954525310e-01
2.753999999999999782e-01 4.073584339139611643e+01 1.531627728921097775e-01
2.763100000000000001e-01 4.088829188767370937e+01 1.906843792763319168e-01
2.771600000000000175e-01 4.091879517791478804e+01 2.056218252034545113e-01
2.780500000000000194e-01 4.088426976478510255e+01 1.393258321346045325e-01
2.789999999999999702e-01 4.094667625457471161e+01 1.328302394035333900e-01
2.794599999999999862e-01 4.055616071918738186e+01 1.399692109001118845e-01
2.798900000000000277e-01 4.070436435939576114e+01 1.138561043598453754e-01
2.805099999999999816e-01 4.082836407163270565e+01 1.107590741203627049e-01
2.825099999999999834e-01 4.056293496109603325e+01 1.075072555691010123e-01
2.831299999999999928e-01 4.105501590780172450e+01 1.361119484101230293e-01
2.836000000000000187e-01 4.094303081585746895e+01 1.030124992415968888e-01
2.839700000000000002e-01 4.080284474140556483e+01 1.147896118993352033e-01
2.839999999999999747e-01 4.102670461779822375e+01 1.515934612705970297e-01
2.840300000000000047e-01 4.079820231536960051e+01 1.365092579278050222e-01
2.850900000000000101e-01 4.087273375218322968e+01 1.544887455447807034e-01
2.853999999999999870e-01 4.084986551905594609e+01 1.233232236847545266e-01
2.854599999999999915e-01 4.079304136995223473e+01 1.396528195204092826e-01
2.857800000000000340e-01 4.095268882729371285e+01 1.359564452315520089e-01
2.862199999999999744e-01 4.078226437436025975e+01 1.559857285138611382e-01
2.863100000000000089e-01 4.095901274551986404e+01 1.505405261050990207e-01
2.870699999999999918e-01 4.084716833002534742e+01 1.430968815173831732e-01
2.871199999999999863e-01 4.085595659030291671e+01 1.492407786096012212e-01
2.884499999999999842e-01 4.113167980641392774e+01 1.257657743585272880e-01
2.885400000000000187e-01 4.106606528337331952e+01 1.640270252123106620e-01
2.896000000000000241e-01 4.121804751258237332e+01 1.650258464604862918e-01
2.900300000000000100e-01 4.104155280734852340e+01 1.532854282050319372e-01
2.902000000000000135e-01 4.065688927314337775e+01 1.384999007219860634e-01
2.908000000000000029e-01 4.075593539799212550e+01 1.465916351638114346e-01
2.908999999999999919e-01 4.101790648869725686e+01 1.596800472820571193e-01
2.912099999999999689e-01 4.089050804663036587e+01 1.502382940531474531e-01
2.917199999999999793e-01 4.098074638429882555e+01 1.255158057775991598e-01
2.921199999999999908e-01 4.113809990710285547e+01 1.227698049196136870e-01
2.924499999999999877e-01 4.099230272748710746e+01 1.650264675741439924e-01
2.928199999999999692e-01 4.123668316324577177e+01 1.352546487186299939e-01
2.929100000000000037e-01 4.096361443838414829e+01 1.709224092973183062e-01
2.931799999999999962e-01 4.094705017615212483e+01 1.438457507193034723e-01
2.953199999999999714e-01 4.068509896501448253e+01 1.926109939749026667e-01
2.955999999999999739e-01 4.120250650823743399e+01 1.231742262001268018e-01
2.964900000000000313e-01 4.084224448503370297e+01 1.447499740932619572e-01
2.984300000000000286e-01 4.093176241623503131e+01 1.605821985775509331e-01
2.985900000000000221e-01 4.091468996001719205e+01 1.634294037191594273e-01
2.988000000000000100e-01 4.098097172857850978e+01 1.643780627091097069e-01
2.991099999999999870e-01 4.107831979932856825e+01 1.302605082133491410e-01
2.994800000000000240e-01 4.101204073134744021e+01 1.615283566436555851e-01
3.000400000000000289e-01 4.093820683469242994e+01 1.589788743827304784e-01
3.000599999999999934e-01 4.083344009646716444e+01 1.653738416437134373e-01
3.001199999999999979e-01 4.119645511036959817e+01 1.195212010481822434e-01
3.007799999999999918e-01 4.105278645713003272e+01 1.705183421218960937e-01
3.014300000000000312e-01 4.070958730440020901e+01 1.446377889764635383e-01
3.015599999999999947e-01 4.106822533588563573e+01 1.350971409764099851e-01
3.015800000000000147e-01 4.091886206883688004e+01 9.411129050225588988e-02
3.024900000000000366e-01 4.097365882763986633e+01 1.583734115942445619e-01
3.031699999999999950e-01 4.112133359752891693e+01 1.377902663470827183e-01
3.033699999999999730e-01 4.102388325156074700e+01 1.188121521562504196e-01
3.036900000000000155e-01 4.124109866927415879e+01 1.351418329015852959e-01
3.052500000000000213e-01 4.087234510695802214e+01 1.130659099817447194e-01
3.053800000000000403e-01 4.094441255984573047e+01 1.977446649090690289e-01
3.054899999999999838e-01 4.094998398733272893e+01 1.331903806586646755e-01
3.056699999999999973e-01 4.099287401084608007e+01 1.203051017205837431e-01
3.061699999999999977e-01 4.117967988470998364e+01 1.614648800823262620e-01
3.064199999999999702e-01 4.114006578832391625e+01 1.494238100170116601e-01
3.066599999999999882e-01 4.086420580242535294e+01 1.628133286927087031e-01
3.080100000000000060e-01 4.106343295875876720e+01 1.183541507510404017e-01
3.088000000000000189e-01 4.095731095396974553e+01 1.553667676821526844e-01
3.089399999999999924e-01 4.079191404950961442e+01 1.694070098903820432e-01
3.089999999999999969e-01 4.072714204684117334e+01 1.969420155781899107e-01
3.091999999999999749e-01 4.115534323335501909e+01 1.463237335499610603e-01
3.103199999999999847e-01 4.076926124628641190e+01 1.580640297474412703e-01
3.107900000000000107e-01 4.100415458195133311e+01 1.385799498484538983e-01
3.115600000000000036e-01 4.128506473899180662e+01 1.084160158832633003e-01
3.126200000000000090e-01 4.094876977589198219e+01 1.430758802174566247e-01
3.135300000000000309e-01 4.118673309877097211e+01 1.495707274168311396e-01
3.143699999999999828e-01 4.110134352645100364e+01 1.371322172211912882e-01
3.146800000000000153e-01 4.125777982704414626e+01 1.573154474296787064e-01
3.148000000000000242e-01 4.095003161894245380e+01 1.249954499171869876e-01
3.155499999999999972e-01 4.139234151670049755e+01 1.536689217115809469e-01
3.157900000000000151e-01 4.117206819010790042e+01 1.523202054883067702e-01
3.177400000000000224e-01 4.149569791277263420e+01 1.522227151249116450e-01
3.181100000000000039e-01 4.099170917683361637e+01 1.248003906243886629e-01
3.184099999999999708e-01 4.128773289600892582e+01 2.109392862887328746e-01
3.189400000000000013e-01 4.118894092338484114e+01 1.371383790191498253e-01
3.189400000000000013e-01 4.122715449851484948e+01 1.567710352711877697e-01
3.200699999999999656e-01 4.123350483223285323e+01 1.359420096953108947e-01
3.209199999999999831e-01 4.137964623611091497e+01 1.550762796174837421e-01
3.209500000000000131e-01 4.141269455148781020e+01 1.246572099800087735e-01
3.221800000000000219e-01 4.114789455385172090e+01 1.403881138131002904e-01
3.245399999999999952e-01 4.118186741113200355e+01 1.024338933166166477e-01
3.252900000000000236e-01 4.125990353122073628e+01 1.810036187483554104e-01
3.253099999999999881e-01 4.135899377586111569e+01 1.411828690032894962e-01
3.255300000000000415e-01 4.100165358181943986e+01 1.385353564978991092e-01
3.260099999999999665e-01 4.125821780925623017e+01 1.465279324907029501e-01
3.275300000000000433e-01 4.117839554227771970e+01 1.386860573381477335e-01
3.283200000000000007e-01 4.119618096304370169e+01 1.816546930304857310e-01
3.284000000000000252e-01 4.118887656931469365e+01 1.658647717268498245e-01
3.284099999999999797e-01 4.122798674861017076e+01 1.725603155421315260e-01
3.289099999999999802e-01 4.122095819299677544e+01 2.096414140860531350e-01
3.294400000000000106e-01 4.118199588776032272e+01 1.430851057937198301e-01
3.294400000000000106e-01 4.124898293965576812e+01 1.191123314354983198e-01
3.301499999999999990e-01 4.129631324952351434e+01 1.590231901327602004e-01
3.305899999999999950e-01 4.133946978436011932e+01 1.154713384351285649e-01
3.306000000000000050e-01 4.132432701393510399e+01 1.562765737402762589e-01
3.306999999999999940e-01 4.119202271976498508e+01 1.482337512174606020e-01
3.308099999999999929e-01 4.135393145092442069e+01 1.560773606260690283e-01
3.309400000000000119e-01 4.133147861080761487e+01 1.070363372878575386e-01
3.309599999999999764e-01 4.126328403957016633e+01 1.906546026195014287e-01
3.315899999999999959e-01 4.145952094994194681e+01 1.402445186094629648e-01
3.315899999999999959e-01 4.126020181367952944e+01 1.169233830335061897e-01
3.317999999999999838e-01 4.126732603218159312e+01 1.202195595566711434e-01
3.329300000000000037e-01 4.117582563523129124e+01 1.438964123944721507e-01
3.339799999999999991e-01 4.129689120791050527e+01 1.593368758323069623e-01
3.349300000000000055e-01 4.119848621772257502e+01 1.130996684345272479e-01
3.374199999999999977e-01 4.142964534345198757e+01 1.462208346987528551e-01
3.374800000000000022e-01 4.137819963540919588e+01 1.664004882805336094e-01
3.375299999999999967e-01 4.128144774521078375e+01 1.067851698504993785e-01
3.382900000000000351e-01 4.122859070048522057e+01 1.511716904714635878e-01
3.384800000000000031e-01 4.116792451302826805e+01 1.392380425745780304e-01
3.385000000000000231e-01 4.114039187384089047e+01 1.619617701804965948e-01
3.405199999999999894e-01 4.138309219705725184e+01 1.058221975768789264e-01
3.409200000000000008e-01 4.133446671066213440e+01 1.486973436211958544e-01
3.416000000000000147e-01 4.142524490403452830e+01 1.694289452838563803e-01
3.454599999999999893e-01 4.116914565475929066e+01 1.628180119028604100e-01
3.459300000000000153e-01 4.134461620058839060e+01 1.113082656409666721e-01
3.468800000000000217e-01 4.108465788571555777e+01 2.534265870030214529e-01
3.470099999999999851e-01 4.139792862058416034e+01 1.406762506608702501e-01
3.487199999999999744e-01 4.135432529788607070e+01 1.333659533014329712e-01
3.490199999999999969e-01 4.142177952428707499e+01 1.225316489728266178e-01
3.492300000000000404e-01 4.143729388040426898e+01 1.159923812153194900e-01
3.493100000000000094e-01 4.140029413713524065e+01 1.382525677880884762e-01
3.495699999999999918e-01 4.131072858851054974e+01 1.202304038086872556e-01
3.495699999999999918e-01 4.168668132687596284e+01 1.108998309286357703e-01
3.507000000000000117e-01 4.137207941937243305e+01 1.074979418407626952e-01
3.509199999999999542e-01 4.146844498991758599e+01 1.285061866215008175e-01
3.515699999999999936e-01 4.130806846748787819e+01 1.138298071684214069e-01
3.516099999999999781e-01 4.121086947768016273e+01 1.160253205123778081e-01
3.530599999999999850e-01 4.170950613141347674e+01 1.516711409596433469e-01
3.536299999999999999e-01 4.126126720666374581e+01 1.457291065642001560e-01
3.552699999999999747e-01 4.147253325784575395e+01 1.132401430588994007e-01
3.558199999999999696e-01 4.155042608451101671e+01 1.266692444913128934e-01
3.583300000000000374e-01 4.163099519131992565e+01 1.145282607045090828e-01
3.585800000000000098e-01 4.151282215269775122e+01 1.188725578087726636e-01
3.590200000000000058e-01 4.164063265853945239e+01 1.344483358022701691e-01
3.600099999999999967e-01 4.169841406027998687e+01 1.337683071583101180e-01
3.602000000000000202e-01 4.151728114699529470e+01 1.606266322874261021e-01
3.608199999999999741e-01 4.147284628644713678e+01 1.424182660335394091e-01
3.613500000000000045e-01 4.180157135969899684e+01 2.037954489187626672e-01
3.616500000000000270e-01 4.168630680153334112e+01 1.647477920944617757e-01
3.649100000000000121e-01 4.158154403596709869e+01 1.426757687906394512e-01
3.661599999999999855e-01 4.169802274021121491e+01 1.844227480545716225e-01
3.664600000000000080e-01 4.148512045567148476e+01 1.247896029322956013e-01
3.678300000000000458e-01 4.168305945850529781e+01 1.240019052272988281e-01
3.679100000000000148e-01 4.145621689564545420e+01 1.025723159531849588e-01
3.692400000000000126e-01 4.150979507732797202e+01 1.437832483288647711e-01
3.693899999999999961e-01 4.156278067197799686e+01 1.562963371291854753e-01
3.700300000000000256e-01 4.152963114409620715e+01 1.640972272770018503e-01
3.701300000000000145e-01 4.162529039221513472e+01 1.364033174083387201e-01
3.704999999999999960e-01 4.161331482156862194e+01 1.051072309596252363e-01
3.705100000000000060e-01 4.154577393783023354e+01 1.144911677816241036e-01
3.705300000000000260e-01 4.136875867472151924e+01 1.136975703346381900e-01
3.705999999999999850e-01 4.140258109634638117e+01 1.218013341470445543e-01
3.708899999999999975e-01 4.153932882913250069e+01 2.640788755277483357e-01
3.714399999999999924e-01 4.150294232739549471e+01 1.252014776270631846e-01
3.714999999999999969e-01 4.156889505437848698e+01 1.082598378901428043e-01
3.716400000000000259e-01 4.143137214611989094e+01 1.072622836788402617e-01
3.734999999999999987e-01 4.169157237112389680e+01 1.046653237705783834e-01
3.738599999999999701e-01 4.157024284797944347e+01 8.631451210543913954e-02
3.785999999999999921e-01 4.156073048306276974e+01 1.467318983725079684e-01
3.794899999999999940e-01 4.137864760154367616e+01 1.399350920963001454e-01
3.799000000000000155e-01 4.160173285814623512e+01 1.310561902391489397e-01
3.800300000000000344e-01 4.153827902946617456e+01 1.509934766802857875e-01
3.805399999999999894e-01 4.163988180369361913e+01 1.311430326018122872e-01
3.808300000000000018e-01 4.155395235013956068e+01 1.386137258715744724e-01
3.816400000000000348e-01 4.192824940764781871e+01 1.412417696717228055e-01
3.817099999999999937e-01 4.143936742339915469e+01 1.433847272201611012e-01
3.824599999999999667e-01 4.189373239499154522e+01 1.826921454250291510e-01
3.844699999999999784e-01 4.158234921407275664e+01 1.497776602167359417e-01
3.859800000000000453e-01 4.154906776726814854e+01 1.263659764335321456e-01
3.873400000000000176e-01 4.160546532620324456e+01 1.854868795899052292e-01
3.877499999999999836e-01 4.170031214245268814e+01 1.591222093235259150e-01
3.888699999999999934e-01 4.162591586209595107e+01 1.412454158548163141e-01
3.926699999999999635e-01 4.168540385040196838e+01 1.590369296735824334e-01
4.004800000000000026e-01 4.175540123421293970e+01 1.154130841802609442e-01
4.007800000000000251e-01 4.168818207033842782e+01 1.350683160478429734e-01
4.007999999999999896e-01 4.168605584999370706e+01 1.604259018986647356e-01
4.021399999999999975e-01 4.203371032040065813e+01 1.492475627941709515e-01
4.045500000000000207e-01 4.163256176515263718e+01 1.078597468938250342e-01
4.047100000000000142e-01 4.167184157741505146e+01 1.539021523566191096e-01
4.054699999999999971e-01 4.180903617778189130e+01 1.107959723997221924e-01
4.092699999999999672e-01 4.210607474558793228e+01 1.906396010801533480e-01
4.094599999999999906e-01 4.179366822613656041e+01 1.092807508209931860e-01
4.099600000000000466e-01 4.199414019972748235e+01 2.056252963523700072e-01
4.113100000000000089e-01 4.206549574492184007e+01 1.540844005731923372e-01
4.115500000000000269e-01 4.181387722928643313e+01 1.291800681219823499e-01
4.166399999999999548e-01 4.207987915773094301e+01 1.178869691696245170e-01
4.186500000000000221e-01 4.186498634770368454e+01 1.155674262065223973e-01
4.192899999999999405e-01 4.202304479466663167e+01 1.493410275175579283e-01
4.193000000000000060e-01 4.175158220555966437e+01 1.522855048913060450e-01
4.195699999999999985e-01 4.190661885016478294e+01 1.213123757083340720e-01
4.202800000000000424e-01 4.236751364681502707e+01 2.332936561503548278e-01
4.208600000000000119e-01 4.199964594373921045e+01 1.627345307548462572e-01
4.224399999999999822e-01 4.182891510589119122e+01 1.196152791243660501e-01
4.235300000000000176e-01 4.230103178059555802e+01 2.656963774687189916e-01
4.235899999999999666e-01 4.199742746699002538e+01 1.428665811167888211e-01
4.269300000000000317e-01 4.170052617073100976e+01 1.630781101190469651e-01
4.269600000000000617e-01 4.193634315874910357e+01 1.533527551105620113e-01
4.278399999999999426e-01 4.207935736556586193e+01 1.710274320101895229e-01
4.286600000000000410e-01 4.197021223662980560e+01 1.299184359511766640e-01
4.288600000000000190e-01 4.181562314720984119e+01 1.475609026808930857e-01
4.296699999999999964e-01 4.205887307323520474e+01 1.531627239245894334e-01
4.301499999999999768e-01 4.182347435098537858e+01 1.260267134380644027e-01
4.348699999999999788e-01 4.179534950018376804e+01 1.153009973937779986e-01
4.354399999999999382e-01 4.189366912861696335e+01 1.098635289802762510e-01
4.367300000000000071e-01 4.169266483183447036e+01 1.424801828325609754e-01
4.388500000000000179e-01 4.202191852407289474e+01 1.922745367956974205e-01
4.392699999999999938e-01 4.193853650871020022e+01 1.326047510461069445e-01
4.400699999999999612e-01 4.179788491932193750e+01 1.697052665653013825e-01
4.405800000000000272e-01 4.207077375877163661e+01 1.374993363620348463e-01
4.425499999999999989e-01 4.199862491119993990e+01 1.143037182247366723e-01
4.436800000000000188e-01 4.197566318106786554e+01 1.353830676266422894e-01
4.475800000000000334e-01 4.201652262562672746e+01 1.527556709258284795e-01
4.495600000000000152e-01 4.207275883030282415e+01 1.416990737443262205e-01
4.505899999999999905e-01 4.206074494492157356e+01 1.319571331910480705e-01
4.506999999999999895e-01 4.200347778498618112e+01 1.550522734435067773e-01
4.515500000000000069e-01 4.205171818551524154e+01 1.255090733771865585e-01
4.516899999999999804e-01 4.190255197926536823e+01 1.380243094530814729e-01
4.517300000000000204e-01 4.203237747112861911e+01 1.250075097744131614e-01
4.603999999999999759e-01 4.211719770248704720e+01 1.474630207882640653e-01
4.610100000000000309e-01 4.196759902626622107e+01 1.645373589796554348e-01
4.612699999999999578e-01 4.202542563254204566e+01 1.379717996548570358e-01
4.615600000000000258e-01 4.224884177390394058e+01 1.114225179216481315e-01
4.663999999999999813e-01 4.212884387413806309e+01 1.588744315489437064e-01
4.666399999999999437e-01 4.188837328128993676e+01 1.166871351092313019e-01
4.683999999999999830e-01 4.214368733913286746e+01 1.180827781685373501e-01
4.703899999999999748e-01 4.226542890565882971e+01 1.411964411732816727e-01
4.705699999999999883e-01 4.217933891521440160e+01 1.223271842232951934e-01
4.705799999999999983e-01 4.202773699114113271e+01 1.294646380290772614e-01
4.717500000000000027e-01 4.220188027363879257e+01 1.501877158758332109e-01
4.757199999999999762e-01 4.235015517639572380e+01 1.092748598717930147e-01
4.779600000000000515e-01 4.238276264411259575e+01 1.650898846083550808e-01
4.794199999999999573e-01 4.232169779894193340e+01 1.465222167454478808e-01
4.803999999999999937e-01 4.209589019613237326e+01 1.724443605920471800e-01
4.805699999999999972e-01 4.198845579627575120e+01 1.153922224415493275e-01
4.807199999999999807e-01 4.241970513154702616e+01 1.140969543852946022e-01
4.817600000000000215e-01 4.223607579006410617e+01 1.543770951274832104e-01
4.888100000000000223e-01 4.229605276267578517e+01 1.140104381186214100e-01
4.948000000000000176e-01 4.239461183808053590e+01 1.181719615644929583e-01
4.973699999999999788e-01 4.236137196722336284e+01 1.327729170425956950e-01
5.007399999999999629e-01 4.228888635587415479e+01 1.365424201484652100e-01
5.009100000000000774e-01 4.216031339973132219e+01 1.967138658051333089e-01
5.027500000000000302e-01 4.246519978046563892e+01 2.089725161354956950e-01
5.027599999999999847e-01 4.256258006374275737e+01 2.086234047272740588e-01
5.030899999999999261e-01 4.239021595924877062e+01 1.267582245852315326e-01
5.071799999999999642e-01 4.249617360872428407e+01 1.411565797262033517e-01
5.073600000000000332e-01 4.250714333457914051e+01 1.261534779544345453e-01
5.081799999999999651e-01 4.225726233837767154e+01 1.421330098886250948e-01
5.100200000000000289e-01 4.230581060365389590e+01 1.192070677434857451e-01
5.109000000000000208e-01 4.203363186550154751e+01 1.737638555626572212e-01
5.117599999999999927e-01 4.243465769448097547e+01 1.175938348724115817e-01
5.138000000000000345e-01 4.248154320759496017e+01 1.339378027294758911e-01
5.143399999999999084e-01 4.215284431360370121e+01 1.184491135467040934e-01
5.147599999999999953e-01 4.272014121223362793e+01 1.365553367686521413e-01
5.155899999999999928e-01 4.259267299860968592e+01 1.770382585770657602e-01
5.187899999999999734e-01 4.246293469112663388e+01 1.528088839040452895e-01
5.194100000000000383e-01 4.241814447816123845e+01 1.968197589166290895e-01
5.196100000000000163e-01 4.243684804478065331e+01 1.103714184016858502e-01
5.227800000000000225e-01 4.258675313896455350e+01 1.426251468009761547e-01
5.285100000000000353e-01 4.255690007894410343e+01 1.439855808753084665e-01
5.327800000000000313e-01 4.244316019435972009e+01 1.147976807257010817e-01
5.337800000000000322e-01 4.233486760532829152e+01 1.671348557303353188e-01
5.343299999999999716e-01 4.277459700937281184e+01 1.297090012296756301e-01
5.353200000000000180e-01 4.244535454450542744e+01 1.117695732299269357e-01
5.357800000000000340e-01 4.245747967945953860e+01 1.273980180379584715e-01
5.453899999999999304e-01 4.258489855836721460e+01 1.467829349754255219e-01
5.483100000000000751e-01 4.277502114789171372e+01 1.443725562563744347e-01
5.501399999999999624e-01 4.281759475778106605e+01 1.441141821612293705e-01
5.503100000000000769e-01 4.266184834804958115e+01 1.255471624530000996e-01
5.525999999999999801e-01 4.237362564684122646e+01 1.348438077925716294e-01
5.538100000000000245e-01 4.258987453651919708e+01 1.248385757688704190e-01
5.577499999999999680e-01 4.267634315544538737e+01 1.354870288994484973e-01
5.587499999999999689e-01 4.279841900718808034e+01 1.521738890217372298e-01
5.587499999999999689e-01 4.249826503998441041e+01 1.340948172003675887e-01
5.627600000000000380e-01 4.257566256181785036e+01 1.182417756125135333e-01
5.647499999999999742e-01 4.225301597654699037e+01 1.365604353390834635e-01
5.758400000000000185e-01 4.258821760239997900e+01 1.391325716717692063e-01
5.761300000000000310e-01 4.273790360322919213e+01 1.457984653554350585e-01
5.766100000000000669e-01 4.249052065419103741e+01 1.236599369238072926e-01
5.782399999999999762e-01 4.267952470917213503e+01 1.629632934129646160e-01
5.782800000000000162e-01 4.251053697593487612e+01 1.396076018703852617e-01
5.787499999999999867e-01 4.252418583955648046e+01 1.214022961067870443e-01
5.796000000000000041e-01 4.280014434947248247e+01 1.204504877532673185e-01
5.806000000000000050e-01 4.276705903951513932e+01 1.613531840404768825e-01
5.807299999999999685e-01 4.290330147989654819e+01 1.378470166525195273e-01
5.829400000000000137e-01 4.264996708143488746e+01 1.264904344209474285e-01
5.832800000000000207e-01 4.281665952589996493e+01 1.302186334592711214e-01
5.837499999999999911e-01 4.278857446377914187e+01 1.000187857354807169e-01
5.837499999999999911e-01 4.279933863525737081e+01 1.408655298502795583e-01
5.857499999999999929e-01 4.264242735042419241e+01 1.423010189703503015e-01
5.872800000000000242e-01 4.299881367383441955e+01 1.411513106563307696e-01
5.887299999999999756e-01 4.270227933479073812e+01 1.306964326215524497e-01
5.902699999999999614e-01 4.228233023038418992e+01 1.671037103118898359e-01
5.918499999999999872e-01 4.280904006068892187e+01 1.269138388829208763e-01
6.006000000000000227e-01 4.243591310905681269e+01 1.551189140627280139e-01
6.032600000000000184e-01 4.289464160148547478e+01 1.435333759095772099e-01
6.082499999999999574e-01 4.285554238254037074e+01 1.273668324172348987e-01
6.098700000000000232e-01 4.270847502829414566e+01 1.493213899613849704e-01
6.106399999999999606e-01 4.271889278731495665e+01 1.336605962877616405e-01
6.112400000000000055e-01 4.264277453557242836e+01 1.599418956996571384e-01
6.157000000000000250e-01 4.290954753831012880e+01 1.440764206940192138e-01
6.199200000000000266e-01 4.299094437437861416e+01 1.166493249016041234e-01
6.206300000000000150e-01 4.297295297551149673e+01 1.141888567242881347e-01
6.218899999999999428e-01 4.264815646690526307e+01 1.635795372288355587e-01
6.252199999999999980e-01 4.282692698989684743e+01 1.313478397233848738e-01
6.272300000000000653e-01 4.305951972216460888e+01 1.390361823411445652e-01
6.305600000000000094e-01 4.286257073568270215e+01 1.191995490763283067e-01
6.307099999999999929e-01 4.273809330323089739e+01 1.442286379329708601e-01
6.319000000000000172e-01 4.308642859395894220e+01 1.778682166661599007e-01
6.322200000000000042e-01 4.319974696518656287e+01 2.051555690201950222e-01
6.377099999999999991e-01 4.287559911693978876e+01 2.334710581635333904e-01
6.382200000000000095e-01 4.294768449950649369e+01 1.847169185537697322e-01
6.419100000000000916e-01 4.292255247663233320e+01 1.666534878122867269e-01
6.436399999999999899e-01 4.298356669736715219e+01 1.949281406057114252e-01
6.436399999999999899e-01 4.276439170441643256e+01 2.019063644365872989e-01
6.476399999999999935e-01 4.314312202262423313e+01 1.620154930863094978e-01
6.486399999999999944e-01 4.290291379591970156e+01 1.597161075158044230e-01
6.620599999999999818e-01 4.305631629819621509e+01 1.800903731463733559e-01
6.646400000000000086e-01 4.298035859733858643e+01 1.616869196935855901e-01
6.706499999999999684e-01 4.329361073113113179e+01 1.780066010011988331e-01
6.776699999999999946e-01 4.308710866217018776e+01 2.060197320646738606e-01
6.819600000000000106e-01 4.332022462800549079e+01 1.489723799903861501e-01
6.836600000000000454e-01 4.316558789029343757e+01 2.907917553851896431e-01
6.851699999999999458e-01 4.363337755493608938e+01 2.329635057256822794e-01
6.886600000000000499e-01 4.288804077369182721e+01 1.523559647667264705e-01
6.906499999999999861e-01 4.314880595625441373e+01 1.842105249436090109e-01
6.931500000000000439e-01 4.307893610720036293e+01 2.447981668640515085e-01
6.971500000000000474e-01 4.344095517358903891e+01 1.624825606026689961e-01
6.981600000000000028e-01 4.326277415437368745e+01 2.174994482751622937e-01
6.991500000000000492e-01 4.349952161965945407e+01 1.569069867787919736e-01
6.991600000000000037e-01 4.314604839851929796e+01 1.733041401698182105e-01
6.999800000000000466e-01 4.309264544881899894e+01 2.157066642456834105e-01
7.006399999999999295e-01 4.306988504965855924e+01 1.743054502877061651e-01
7.011500000000000510e-01 4.315990186518609306e+01 1.809882316616193698e-01
7.019800000000000484e-01 4.270833548750003672e+01 2.628876518591164446e-01
7.019800000000000484e-01 4.316152431833651093e+01 1.652875600279706536e-01
7.156500000000000083e-01 4.312988092782455851e+01 1.947653524115621759e-01
7.186799999999999855e-01 4.344104614379632068e+01 1.516360362842553433e-01
7.196299999999999919e-01 4.335489132808677937e+01 2.062097354636778512e-01
7.201300000000000479e-01 4.313587131710018951e+01 1.938954937588803218e-01
7.206799999999999873e-01 4.315656008089282381e+01 2.034234008171134644e-01
7.266799999999999926e-01 4.348693693574830377e+01 1.634786377481779740e-01
7.276699999999999280e-01 4.388297194827428171e+01 1.984069870241468858e-01
7.301199999999999912e-01 4.311015828372611480e+01 1.917225664860555678e-01
7.336199999999999388e-01 4.351974077808309005e+01 1.564477468677641370e-01
7.340100000000000513e-01 4.346716942737477041e+01 2.410021421066626257e-01
7.349999999999999867e-01 4.361284667315701569e+01 1.348092170439395554e-01
7.350100000000000522e-01 4.303959622987056832e+01 1.788591275277837123e-01
7.356099999999999861e-01 4.359968818560760440e+01 1.926152447237756693e-01
7.360200000000000076e-01 4.345506339310522748e+01 2.113149781723955289e-01
7.366899999999999560e-01 4.331556999299276356e+01 1.406745712628973966e-01
7.399999999999999911e-01 4.323635778375960115e+01 1.269099188400969747e-01
7.420200000000000129e-01 4.284263376061056761e+01 2.156560861649863270e-01
7.427000000000000268e-01 4.309037307562877572e+01 1.993980378539367548e-01
7.456599999999999895e-01 4.338284962192527416e+01 1.534175348517893556e-01
7.461300000000000709e-01 4.347346741984826934e+01 1.653165221627892756e-01
7.490899999999999226e-01 4.360794265198958897e+01 1.833564902041921185e-01
7.506800000000000139e-01 4.342819997477142380e+01 1.921323306994426605e-01
7.566899999999999737e-01 4.313265171997981184e+01 1.590257054692731098e-01
7.590500000000000025e-01 4.337658725220322964e+01 1.524184782104847091e-01
7.607000000000000428e-01 4.334423654663212488e+01 1.507357704727049774e-01
7.610799999999999788e-01 4.340187220741591290e+01 1.610870028897427864e-01
7.615899999999999892e-01 4.337635234177354704e+01 1.552177744332136622e-01
7.655999999999999472e-01 4.347515269699233187e+01 1.556892417606303425e-01
7.665999999999999481e-01 4.356982164689336656e+01 1.600738267175493001e-01
7.666800000000000281e-01 4.368235613747276602e+01 1.812833969231600895e-01
7.670600000000000751e-01 4.336886464170254385e+01 1.792434029469424928e-01
7.685899999999999954e-01 4.326034184142861960e+01 1.695927106334467471e-01
7.730700000000000349e-01 4.356129335713302453e+01 1.769913769085940392e-01
7.765999999999999570e-01 4.335403893863264813e+01 1.791086192789169140e-01
7.880500000000000282e-01 4.382675953387897749e+01 1.392578992373502689e-01
7.890399999999999636e-01 4.338224102235120938e+01 1.171841606190870688e-01
7.965600000000000458e-01 4.355560317548680160e+01 1.598675858327759935e-01
7.985700000000000021e-01 4.374669478240214460e+01 1.753471913091281809e-01
8.006999999999999673e-01 4.371158679859662755e+01 1.617108530680609613e-01
8.056900000000000173e-01 4.376565496909333319e+01 1.567207388956547709e-01
8.056900000000000173e-01 4.335535874055531025e+01 1.315566417935635779e-01
8.060300000000000242e-01 4.370205079467937992e+01 1.847389238899047048e-01
8.080399999999999805e-01 4.357114513794487465e+01 1.646466747310737500e-01
8.090199999999999614e-01 4.362001760695750363e+01 1.679874102425535920e-01
8.107199999999999962e-01 4.392828008042224752e+01 1.717367243777521146e-01
8.136899999999999133e-01 4.344074208160812134e+01 1.425374950670875163e-01
8.177300000000000679e-01 4.344213998792687903e+01 1.226736422382575242e-01
8.221200000000000729e-01 4.384397399797907724e+01 1.865070575072160786e-01
8.226899999999999213e-01 4.343090754648549989e+01 1.478388565296687995e-01
8.285399999999999432e-01 4.375570006704038661e+01 1.540515984986848552e-01
8.369900000000000118e-01 4.378977651759087308e+01 1.441569457223619288e-01
8.381399999999999961e-01 4.376298455253802189e+01 1.818437791072325949e-01
8.399900000000000144e-01 4.356797673276220451e+01 1.530937376250250115e-01
8.405299999999998883e-01 4.354712678148048610e+01 1.469951359739498364e-01
8.421399999999999997e-01 4.397024590330422456e+01 1.868843358872005478e-01
8.479700000000001125e-01 4.369209270774171472e+01 1.708977837773211217e-01
8.485200000000000520e-01 4.406213230089142030e+01 1.498565730957437669e-01
8.507299999999998752e-01 4.382780771080400228e+01 1.318706563265687193e-01
8.529799999999999605e-01 4.387927961954460443e+01 1.520608102043389531e-01
8.540000000000000924e-01 4.366038327249317774e+01 2.154342997296391227e-01
8.585099999999999953e-01 4.399281955131385757e+01 1.664772732237046193e-01
8.585200000000000609e-01 4.385621531881335500e+01 1.490600214678637347e-01
8.585200000000000609e-01 4.374149879655313811e+01 1.794949929663777477e-01
8.639700000000001268e-01 4.359782366262776065e+01 1.540514767861704271e-01
8.645000000000000462e-01 4.403508438140845982e+01 1.475039236766262918e-01
8.665000000000000480e-01 4.394933028518590135e+01 1.749025085583394423e-01
8.721700000000001118e-01 4.354125347481922148e+01 1.345637023866391724e-01
8.779600000000000737e-01 4.381357253244874528e+01 1.445211662698581978e-01
8.907299999999999107e-01 4.401054657706971796e+01 1.421805630175939361e-01
8.931999999999999940e-01 4.377275614716749175e+01 1.589007709232400367e-01
8.969299999999998940e-01 4.401718518776328182e+01 1.676068838085118529e-01
9.017299999999999205e-01 4.397730313298470861e+01 1.524053640788276265e-01
9.107499999999999485e-01 4.412037386043174791e+01 1.649263093020637561e-01
9.134799999999999587e-01 4.389613830049899690e+01 1.388980651413114498e-01
9.222299999999998832e-01 4.348108885622375652e+01 1.721359346563058612e-01
9.222399999999999487e-01 4.397117916010272864e+01 1.884694736555498629e-01
9.249100000000000099e-01 4.394778416014409572e+01 1.935148056351244650e-01
9.262399999999999523e-01 4.403048561902375013e+01 1.114968721534375651e-01
9.278999999999999471e-01 4.405116707795147590e+01 1.842105724436032543e-01
9.318899999999999961e-01 4.396342928453470478e+01 1.539783669870543881e-01
9.322500000000000231e-01 4.403175265393493021e+01 2.113373902081692735e-01
9.338899999999999979e-01 4.416077010895442356e+01 2.021607281348185015e-01
9.350000000000000533e-01 4.392496992171572856e+01 1.673412979512230170e-01
9.367499999999999716e-01 4.387606852278035774e+01 1.423457235044313096e-01
9.468799999999999439e-01 4.407023834390581385e+01 1.659461358393138630e-01
9.484600000000000808e-01 4.406203518996964164e+01 1.529764606075065259e-01
9.507600000000000495e-01 4.399020688176760530e+01 1.469047055066651231e-01
9.588600000000000456e-01 4.416642942224409296e+01 1.742116026560802666e-01
9.607399999999999274e-01 4.408813303559875152e+01 1.446844238333898913e-01
9.607499999999999929e-01 4.409868433339838134e+01 1.596320299939833487e-01
9.699999999999999734e-01 4.395989328139842911e+01 2.629451701400883357e-01
9.751999999999999558e-01 4.394954849359911719e+01 1.421076792435932989e-01
9.832999999999999519e-01 4.431270871436567660e+01 1.452673741760344694e-01
9.834100000000000064e-01 4.428187913760864802e+01 1.551220809556137781e-01
9.837700000000000333e-01 4.414566217303881501e+01 1.461570901461848315e-01
9.963999999999999524e-01 4.416638517437338862e+01 1.432191328000557429e-01
9.978100000000000858e-01 4.422767790178230030e+01 9.885949625605017221e-02
1.002790000000000070e+00 4.431298919365371347e+01 1.931861084550335894e-01
1.014000000000000012e+00 4.452577990839345290e+01 2.307170019742801892e-01
1.020000000000000018e+00 4.405704012232035183e+01 1.679948511115742504e-01
1.028789999999999871e+00 4.431477676642593622e+01 1.626320156057840804e-01
1.060799999999999965e+00 4.453304730101277897e+01 1.670416789307387073e-01
1.092000000000000082e+00 4.448132673521905645e+01 2.662228812480249562e-01
1.120000000000000107e+00 4.453988037749311246e+01 1.689793922346745636e-01
1.205999999999999961e+00 4.472096047058996504e+01 3.384876585637945912e-01
1.229999999999999982e+00 4.460825773661164106e+01 1.780284457607828608e-01
1.229999999999999982e+00 4.471637988599134417e+01 1.979793107877689251e-01
1.300000000000000044e+00 4.501421955577842482e+01 1.858453456506242440e-01
1.304999999999999938e+00 4.499063084286733272e+01 2.404550581709604951e-01
1.314999999999999947e+00 4.479474803518016301e+01 2.051578538589249046e-01
1.330000000000000071e+00 4.510465237747212797e+01 1.570183906426250442e-01
1.340000000000000080e+00 4.469831415063018909e+01 1.711264152607656353e-01
1.370000000000000107e+00 4.503143774989151638e+01 1.703535881629735516e-01
1.389999999999999902e+00 4.460268356775117837e+01 2.079923375992490664e-01
1.540000000000000036e+00 4.518340388083419157e+01 2.183184657787792249e-01
1.550000000000000044e+00 4.526981607826151333e+01 1.944263549522029233e-01
1.699999999999999956e+00 4.547811722588220107e+01 2.895356454739209107e-01
1.800000000000000044e+00 4.586210920941451263e+01 1.973673035231519601e-01
1.914000000000000146e+00 4.605896026222951178e+01 2.628943894418441229e-01
2.259999999999999787e+00 4.615328985598861777e+01 2.618237766132022193e-01
