1.012000000000000052e-02 3.310392833882539776e+01 1.993942388836748847e-01
1.038000000000000034e-02 3.357854491367290706e+01 2.059078434640118360e-01
1.043000000000000003e-02 3.312807777329299341e+01 2.014823131195390971e-01
1.081999999999999976e-02 3.331396987094178286e+01 1.856793001387068986e-01
1.209000000000000005e-02 3.342889084452319537e+01 1.925849422981973091e-01
1.220000000000000077e-02 3.392418531465205689e+01 1.750048285048158292e-01
1.226000000000000006e-02 3.370091028674490019e+01 1.789260252171270826e-01
1.268000000000000030e-02 3.366355123033166308e+01 1.723252738283041485e-01
1.270999999999999908e-02 3.341543176842619545e+01 1.761959420645095309e-01
1.290999999999999960e-02 3.394254316883881728e+01 1.729206754555394354e-01
1.318000000000000074e-02 3.416495018111727688e+01 1.741611968838064628e-01
1.381999999999999895e-02 3.417145330330912856e+01 1.553216742763224301e-01
1.401999999999999948e-02 3.398014547176320121e+01 1.633442912990839824e-01
1.446999999999999849e-02 3.394128405733238196e+01 1.668330827503945735e-01
1.450999999999999859e-02 3.399756924834549210e+01 1.689114782955853378e-01
1.454000000000000084e-02 3.416921204256539824e+01 1.668728408100011995e-01
1.471999999999999871e-02 3.386522346680627749e+01 1.504386004322028902e-01
1.504000000000000128e-02 3.403852822137663026e+01 1.504584660296655052e-01
1.505999999999999873e-02 3.402421791112031713e+01 1.557605614396661009e-01
1.519999999999999997e-02 3.414961636005599388e+01 1.647321310491672297e-01
1.529999999999999936e-02 3.429771866183522633e+01 1.469791651901724561e-01
1.530999999999999896e-02 3.392416595900301246e+01 1.539162272146767652e-01
1.530999999999999896e-02 3.449614894248216501e+01 1.625457935475415339e-01
1.531999999999999855e-02 3.460150684671918953e+01 1.652748997882013682e-01
1.566999999999999990e-02 3.417373930074366939e+01 1.553575311982010043e-01
1.567999999999999949e-02 3.418033439307014731e+01 1.538210973826412420e-01
1.571999999999999786e-02 3.421674671749519092e+01 1.949421452636653507e-01
1.628999999999999893e-02 3.429552956582799084e+01 1.525392490475812046e-01
1.634999999999999995e-02 3.433185221960685141e+01 1.531922321790501196e-01
1.661999999999999936e-02 3.419642083588392012e+01 1.485355260535337341e-01
1.663000000000000242e-02 3.443233338630048479e+01 1.517061880741850111e-01
1.677999999999999978e-02 3.427120098593463382e+01 1.606548863246929082e-01
1.696999999999999897e-02 3.436023677598735304e+01 1.546059345562129650e-01
1.698000000000000204e-02 3.445520772197083659e+01 1.572825800907398652e-01
1.704999999999999918e-02 3.430994721374754164e+01 1.844777764393315811e-01
1.724000000000000185e-02 3.469051631616622444e+01 1.571551303648722753e-01
1.726000000000000104e-02 3.442091526211144270e+01 1.527070234141180705e-01
1.731999999999999859e-02 3.446521670581893204e+01 1.602485101334798767e-01
1.739999999999999880e-02 3.432236469373025045e+01 1.501798754827023963e-01
1.740999999999999839e-02 3.448809476736693824e+01 1.514687756602000057e-01
1.751999999999999738e-02 3.453523031491405959e+01 1.482443253551379569e-01
1.754000000000000004e-02 3.449221936979849090e+01 1.360113046772215839e-01
1.762999999999999984e-02 3.436224109511011449e+01 1.578751563736359442e-01
1.907999999999999974e-02 3.444420147682829736e+01 1.437532695280354378e-01
1.969999999999999876e-02 3.466989515588701920e+01 1.600993753891625793e-01
1.971999999999999795e-02 3.462633993682785416e+01 1.601376205018670562e-01
2.019999999999999921e-02 3.487179050198160724e+01 1.537653000517346935e-01
2.024000000000000105e-02 3.468524139129075934e+01 1.298368110360078043e-01
2.030999999999999819e-02 3.468610904576760134e+01 1.376025435811416842e-01
2.038000000000000228e-02 3.444264940703682498e+01 1.440094875346759895e-01
2.040000000000000147e-02 3.471936844306331693e+01 1.579562439411623942e-01
2.090999999999999803e-02 3.470417121002432026e+01 1.387537026532985884e-01
2.120000000000000009e-02 3.475199981943097782e+01 1.454249118961397080e-01
2.171000000000000013e-02 3.508789384551584334e+01 1.377387472717825911e-01
2.188999999999999974e-02 3.482820170526006365e+01 1.395928902200967991e-01
2.196999999999999995e-02 3.496472204828953068e+01 1.450058447097909153e-01
2.210000000000000159e-02 3.500620404529201579e+01 1.383730194076865372e-01
2.222999999999999976e-02 3.500289448558735472e+01 1.334749508334803492e-01
2.248999999999999957e-02 3.515363906341976730e+01 1.403631896189310724e-01
2.274999999999999939e-02 3.477155764680962591e+01 1.374545834084844320e-01
2.348000000000000087e-02 3.516280946743754043e+01 1.399363873336738617e-01
2.349000000000000046e-02 3.521584276152643156e+01 1.348217156099120462e-01
2.384000000000000008e-02 3.533107510593342937e+01 1.344481498571103439e-01
2.398000000000000131e-02 3.517499126279096799e+01 1.361597866478939656e-01
2.401000000000000009e-02 3.514972689763507674e+01 1.273176833750912784e-01
2.414000000000000173e-02 3.501185841074855176e+01 1.300242285114585616e-01
2.453999999999999931e-02 3.530078285279404327e+01 1.286744924217694264e-01
2.477000000000000035e-02 3.519386692647956494e+01 1.724324650406645620e-01
2.481999999999999831e-02 3.530274935507064527e+01 1.356503685951497840e-01
2.525000000000000161e-02 3.515582184353279871e+01 1.337341485933940810e-01
2.528999999999999998e-02 3.531903093685580330e+01 1.412408227107163350e-01
2.546999999999999958e-02 3.529818620363157322e+01 1.250325557604898274e-01
2.556999999999999898e-02 3.490221987742093290e+01 1.502910509644536374e-01
2.559000000000000163e-02 3.529156217641347126e+01 1.267203022408011914e-01
2.580000000000000002e-02 3.526172718952652474e+01 1.383529725014970568e-01
2.626999999999999821e-02 3.542071454129309416e+01 1.369827726394819145e-01
2.638999999999999679e-02 3.531365142780113331e+01 1.406714612137088538e-01
2.643000000000000210e-02 3.530166079575631954e+01 1.432570068094402016e-01
2.651000000000000231e-02 3.546330814673268605e+01 1.256598583478431286e-01
2.673000000000000029e-02 3.545888186411779230e+01 1.623069853703160703e-01
2.688999999999999724e-02 3.528709700741809741e+01 1.268349715181109061e-01
2.751000000000000320e-02 3.538995289675526834e+01 1.298928212027131157e-01
2.751999999999999932e-02 3.535785183137964083e+01 1.348631157878239228e-01
2.751999999999999932e-02 3.560397125975597987e+01 1.432681140379812590e-01
2.763000000000000178e-02 3.552565821796851964e+01 1.187635676459746770e-01
2.811000000000000304e-02 3.567535447761180478e+01 1.256527456922450214e-01
2.836999999999999938e-02 3.542921631392829340e+01 1.223685519240952785e-01
2.844999999999999959e-02 3.555058510646036041e+01 1.371285163633005899e-01
2.846000000000000266e-02 3.552985099432035554e+01 1.347910512608311295e-01
2.878000000000000003e-02 3.561921953179884071e+01 1.223614216164555651e-01
2.879999999999999921e-02 3.558291537365495572e+01 1.367751713579624662e-01
2.893999999999999698e-02 3.558878006637289815e+01 1.323478938253268844e-01
2.931999999999999884e-02 3.581478725714842426e+01 1.463729995593449629e-01
2.949999999999999845e-02 3.548760958470149518e+01 1.281185876444163596e-01
2.989999999999999949e-02 3.550983443841816722e+01 1.237954159086676470e-01
3.001000000000000195e-02 3.564344599301604433e+01 1.210638777670697275e-01
3.048000000000000015e-02 3.574849817714414257e+01 1.349330574766613722e-01
3.048999999999999627e-02 3.594532788339434859e+01 1.425935833058416258e-01
3.055000000000000077e-02 3.577613724221869518e+01 4.510689719987398538e-01
3.143999999999999573e-02 3.568477256662823294e+01 1.215821018900397205e-01
3.155000000000000165e-02 3.601164033087807326e+01 1.418650150671404986e-01
3.160999999999999921e-02 3.580018684206125101e+01 1.270505312857840852e-01
3.162999999999999839e-02 3.585386602095919528e+01 1.202963528125437359e-01
3.184000000000000025e-02 3.553351854307425128e+01 1.220902227862657313e-01
3.191000000000000086e-02 3.577845757518267078e+01 1.285499222092335581e-01
3.211999999999999578e-02 3.572570126032365323e+01 1.438207043509382999e-01
3.219999999999999946e-02 3.594015732494879956e+01 1.297023901090492426e-01
3.273000000000000215e-02 3.588257584429697999e+01 1.213799612786229110e-01
3.280000000000000276e-02 3.587158848517831444e+01 1.260999306106073969e-01
3.291999999999999788e-02 3.568887747013124567e+01 1.194015494036823610e-01
3.313999999999999585e-02 3.587049885126305071e+01 1.230129363115928520e-01
3.348000000000000281e-02 3.563901045685447144e+01 1.530326517446521928e-01
3.358999999999999486e-02 3.581693991020103596e+01 1.070749503852324869e-01
3.378000000000000447e-02 3.589114818068537716e+01 1.410363782858876369e-01
3.398999999999999938e-02 3.587511920080326178e+01 1.119784019353732285e-01
3.407999999999999918e-02 3.608113252686696626e+01 1.253790752079468884e-01
3.411000000000000143e-02 3.585709945199506166e+01 1.156993301622788045e-01
3.416000000000000286e-02 3.612605738200868188e+01 1.569622247548753402e-01
3.426000000000000573e-02 3.595835857616367548e+01 1.211113021150379554e-01
3.433999999999999553e-02 3.590554452192546364e+01 1.257312411455482337e-01
3.438000000000000084e-02 3.604598096661371898e+01 1.219085825526652622e-01
3.488999999999999740e-02 3.611459065133389146e+01 1.673407153086181598e-01
3.500999999999999945e-02 3.607360840052745488e+01 1.257115448158998838e-01
3.506999999999999701e-02 3.643953515397056009e+01 1.684947847857612424e-01
3.518000000000000294e-02 3.574616503615138896e+01 1.530665459857248056e-01
3.577999999999999931e-02 3.583072459336868576e+01 1.767597239192231773e-01
3.681999999999999856e-02 3.601693579739621498e+01 1.276110007013501746e-01
3.700000000000000511e-02 3.620377591455566346e+01 1.283364620830728664e-01
3.713000000000000328e-02 3.610151471757104957e+01 1.188993902423389204e-01
3.729999999999999982e-02 3.616233418633882479e+01 1.163126067973717093e-01
3.742999999999999799e-02 3.617744850572584170e+01 1.178743186618696759e-01
3.790999999999999925e-02 3.607562700199410699e+01 2.009119832165319197e-01
3.799999999999999906e-02 3.584930075936047444e+01 1.330993895553244100e-01
3.826999999999999846e-02 3.596158253248652414e+01 1.215400962645661193e-01
3.837000000000000133e-02 3.620714468263508934e+01 1.666173385335391888e-01
3.862999999999999767e-02 3.618957552961408908e+01 1.289516769956870201e-01
3.984000000000000041e-02 3.609706214499102117e+01 1.164759631855431243e-01
4.028000000000000330e-02 3.639668844740885589e+01 1.151510855354824781e-01
4.066999999999999782e-02 3.627067157083367732e+01 1.144429115323443574e-01
4.093000000000000110e-02 3.619337903565457282e+01 1.311850601250005299e-01
4.093000000000000110e-02 3.646060406255918451e+01 1.182989961918527871e-01
4.150000000000000216e-02 3.623000917151771461e+01 1.273783144809194079e-01
4.268999999999999878e-02 3.621937490161356266e+01 1.185782020440519224e-01
4.309999999999999942e-02 3.642864420705460304e+01 1.086070094423007282e-01
4.341000000000000414e-02 3.632287880371093536e+01 1.224871421823531537e-01
4.436999999999999972e-02 3.654827986865379330e+01 1.991188526985830098e-01
4.436999999999999972e-02 3.643688611144339262e+01 1.217066863405622396e-01
4.486000000000000404e-02 3.674803370414929304e+01 1.494708750894300497e-01
4.581999999999999962e-02 3.662129642339661473e+01 1.263868466257466183e-01
4.596999999999999698e-02 3.651379845221357812e+01 1.050828720581998554e-01
4.651000000000000273e-02 3.664707311087402530e+01 1.187494526303174286e-01
4.710000000000000298e-02 3.641551485298000301e+01 1.468834316728745426e-01
4.712999999999999828e-02 3.654270809983011503e+01 1.179092447605360611e-01
4.713999999999999441e-02 3.690039060927188785e+01 1.257841901830273612e-01
4.818999999999999673e-02 3.665625001058112531e+01 1.242520321765402808e-01
4.948999999999999927e-02 3.687213048875543109e+01 1.274645538963675995e-01
4.976000000000000562e-02 3.694008968949359684e+01 1.370535388087443796e-01
5.034999999999999892e-02 3.677375466451253772e+01 1.647374805561867273e-01
5.066999999999999976e-02 3.693408755913494446e+01 1.593807704837694739e-01
5.091999999999999998e-02 3.675596436256074639e+01 1.241286832283336472e-01
5.322000000000000342e-02 3.684749962951521951e+01 1.294680559056943514e-01
5.343999999999999445e-02 3.666872817081755898e+01 1.410960842830161766e-01
5.358999999999999875e-02 3.685963128130658362e+01 1.451584995789085841e-01
5.417999999999999206e-02 3.689475604305627598e+01 1.154477912304951864e-01
5.457999999999999657e-02 3.709729090061333068e+01 1.036086145067098147e-01
5.494999999999999885e-02 3.682678353902119994e+01 1.181140550484996304e-01
5.572999999999999482e-02 3.678098661426602689e+01 1.109736793118079878e-01
5.581000000000000544e-02 3.726774494175831620e+01 1.244848484756277546e-01
5.683999999999999470e-02 3.714985782435617523e+01 1.218146953368106633e-01
5.714999999999999941e-02 3.709801062233932356e+01 1.088376313597461675e-01
5.721000000000000391e-02 3.705309649205633349e+01 1.109941665133803296e-01
5.890000000000000097e-02 3.716728443442647745e+01 1.152169366890128666e-01
5.895000000000000240e-02 3.710546013590316505e+01 1.018772423066113403e-01
5.947999999999999815e-02 3.717659166945400528e+01 1.273262443489165396e-01
6.118999999999999440e-02 3.726188919941087363e+01 1.200201337276375485e-01
6.441000000000000891e-02 3.714173731846909732e+01 1.094000914076400516e-01
6.454999999999999627e-02 3.724426361328053048e+01 1.144565201288244710e-01
6.481000000000000649e-02 3.715788369798211477e+01 1.117729394800011516e-01
6.558999999999999553e-02 3.734307575966900572e+01 1.275188515475260964e-01
6.640999999999999681e-02 3.747867164591608002e+01 1.142920163440999115e-01
6.844999999999999696e-02 3.757966894018411352e+01 1.258002782190882074e-01
6.876999999999999780e-02 3.749229639140224180e+01 1.117279396570079048e-01
6.887999999999999678e-02 3.754752971214036705e+01 1.519276225707491268e-01
7.059999999999999609e-02 3.775742149191737695e+01 3.003249365270889704e-01
7.062999999999999834e-02 3.768655914207038649e+01 1.243022324819630792e-01
7.141000000000000125e-02 3.747985871039325900e+01 1.208343907999705202e-01
7.180000000000000271e-02 3.756029995314928271e+01 1.270532959037269649e-01
7.368999999999999162e-02 3.740936179203592360e+01 1.576433950408325790e-01
7.514999999999999458e-02 3.760539150790595642e+01 1.260232518228283083e-01
7.522999999999999132e-02 3.757020883266280009e+01 1.033480648101356564e-01
7.549999999999999767e-02 3.788843624497592089e+01 1.209414010998715178e-01
7.877000000000000668e-02 3.785533981496970313e+01 1.143199129635777828e-01
7.882999999999999730e-02 3.787650735908473365e+01 1.241635514150590119e-01
7.975999999999999757e-02 3.801447199092429940e+01 1.061824726590975682e-01
8.161999999999999811e-02 3.793246699503817609e+01 1.076740103274694549e-01
8.222999999999999754e-02 3.775370932178974215e+01 1.248112374748363840e-01
8.286000000000000310e-02 3.795777580347170499e+01 1.079445227883286257e-01
8.327999999999999292e-02 3.780487040383280828e+01 1.180211951303663104e-01
8.533999999999999919e-02 3.815164373137385923e+01 1.067774554856969760e-01
8.575000000000000677e-02 3.784416466324495332e+01 1.013182979525416166e-01
8.797999999999998877e-02 3.814207976920643972e+01 1.070004439243127659e-01
8.832999999999999186e-02 3.819054230509309633e+01 1.164919632421052564e-01
8.859000000000000208e-02 3.801970979231818148e+01 1.064128399207539266e-01
8.959999999999999909e-02 3.803040542111376254e+01 1.171725117081647283e-01
9.120999999999999941e-02 3.825331914791135546e+01 1.106399792118563236e-01
9.201000000000000845e-02 3.826046242683874254e+01 1.142322852787249488e-01
9.278000000000000136e-02 3.808143134994023882e+01 1.093526862953078105e-01
9.389999999999999736e-02 3.833890081596005928e+01 1.497164236147791594e-01
9.400000000000000022e-02 3.817989843809152006e+01 1.032381833431797596e-01
9.640999999999999570e-02 3.804302771047201759e+01 1.482532546017118757e-01
9.929000000000000326e-02 3.845112180727394247e+01 1.101431454971211477e-01
1.003600000000000048e-01 3.836322227383490002e+01 1.119356176558650023e-01
1.004400000000000015e-01 3.833609378086963915e+01 1.098400314093181673e-01
1.022699999999999998e-01 3.828198665802959511e+01 1.110036035451101993e-01
1.024200000000000110e-01 3.815381249114502538e+01 1.081101521597301329e-01
1.028000000000000025e-01 3.847928248899356163e+01 1.445996196398870171e-01
1.029299999999999937e-01 3.839231284135061628e+01 1.235984526602173922e-01
1.029800000000000021e-01 3.863265547316444071e+01 1.034157628217284991e-01
1.034000000000000058e-01 3.850012028397886610e+01 1.011189893145693908e-01
1.035999999999999976e-01 3.847456732412214109e+01 1.059480651073911872e-01
1.058800000000000019e-01 3.847942321677950162e+01 1.006008573522114702e-01
1.064299999999999968e-01 3.857322027583506951e+01 1.029122563157566783e-01
1.068900000000000128e-01 3.841964826345583361e+01 1.050246994758851915e-01
1.072000000000000036e-01 3.842706064218046436e+01 1.115525436733739439e-01
1.075699999999999990e-01 3.867817147074895701e+01 1.090948784315744075e-01
1.090200000000000058e-01 3.861855113154747698e+01 1.032526634039044877e-01
1.098900000000000154e-01 3.844758807429361980e+01 1.211627933814667379e-01
1.122900000000000148e-01 3.865922140913172456e+01 1.028899897949261122e-01
1.137599999999999861e-01 3.887796791010291741e+01 1.069962265689776565e-01
1.163900000000000073e-01 3.863160304615298202e+01 1.020741274760651601e-01
1.165900000000000131e-01 3.858511469049626896e+01 1.038192178741489113e-01
1.176200000000000023e-01 3.883456118356848208e+01 1.061616573909808514e-01
1.178200000000000081e-01 3.866056458107711791e+01 9.932630567981474978e-02
1.178700000000000025e-01 3.858902532573539901e+01 1.138474527602616193e-01
1.187000000000000000e-01 3.879358215211442484e+01 1.245825830523673156e-01
1.187000000000000000e-01 3.886723488631349710e+01 1.340696460799385981e-01
1.194400000000000045e-01 3.875670946903750291e+01 1.246867474914635787e-01
1.198099999999999860e-01 3.855102935543651199e+01 1.421645173733586676e-01
1.200500000000000039e-01 3.878377687807075347e+01 1.023297366360336053e-01
1.202900000000000080e-01 3.872330196795731183e+01 1.131591688728756928e-01
1.206799999999999956e-01 3.926046011969730642e+01 1.917254547523619679e-01
1.217499999999999971e-01 3.868579453621147479e+01 9.831407579792426910e-02
1.218000000000000055e-01 3.871656396374970655e+01 1.346435572168233896e-01
1.221099999999999963e-01 3.890524195227597914e+01 1.151831042297436908e-01
1.228999999999999954e-01 3.879696495890201646e+01 1.169005025652156970e-01
1.229099999999999915e-01 3.873726501248570031e+01 1.035831067307792369e-01
1.234700000000000103e-01 3.872560028349304417e+01 1.031548229604413447e-01
1.236499999999999960e-01 3.879055476259354407e+01 1.085964087804011935e-01
1.236799999999999983e-01 3.885779123510913990e+01 1.025152915422865019e-01
1.243999999999999967e-01 3.877943397228556677e+01 1.009533803297343602e-01
1.253100000000000047e-01 3.888625927697269447e+01 1.039412213705419169e-01
1.262000000000000066e-01 3.896566029900086647e+01 1.134087518668643185e-01
1.263099999999999778e-01 3.893712303915354056e+01 1.351983265428977066e-01
1.267199999999999993e-01 3.911454324401667293e+01 1.101545505188051693e-01
1.267900000000000138e-01 3.878957615136270931e+01 1.200711976287402727e-01
1.268700000000000105e-01 3.899310779432004637e+01 1.041416943399712525e-01
1.278299999999999992e-01 3.906523061152044107e+01 1.324440259128361053e-01
1.289099999999999968e-01 3.891946302886128706e+01 1.283716382227787778e-01
1.291299999999999948e-01 3.901763001126705888e+01 1.147628642026679302e-01
1.292400000000000215e-01 3.892181773793054589e+01 1.092318291524956575e-01
1.294099999999999973e-01 3.889064355070826196e+01 1.079804148908495298e-01
1.299500000000000099e-01 3.892194943765206006e+01 1.220561243854645650e-01
1.322599999999999887e-01 3.921233427150114892e+01 1.336146698532762189e-01
1.326900000000000024e-01 3.887041555373605206e+01 9.981159752253242201e-02
1.336600000000000010e-01 3.905453543862238774e+01 1.013874005979046589e-01
1.352299999999999891e-01 3.907596976353826079e+01 1.219091670056029891e-01
1.352700000000000014e-01 3.917930043057806699e+01 1.138309931433438837e-01
1.365299999999999847e-01 3.927768983358283350e+01 1.108397942978964629e-01
1.365900000000000170e-01 3.899021826798504264e+01 1.233554315788324002e-01
1.367200000000000082e-01 3.888521666446385439e+01 1.141307583432266404e-01
1.367900000000000227e-01 3.931261619063988633e+01 1.110901773335518650e-01
1.371199999999999919e-01 3.902007150090209819e+01 1.144821055886028061e-01
1.379599999999999993e-01 3.913695901571662006e+01 1.051205141730195275e-01
1.380599999999999883e-01 3.897445403601150105e+01 1.028301633763167716e-01
1.381599999999999773e-01 3.908799684650122686e+01 1.172345512210457574e-01
1.382299999999999918e-01 3.907533784271765143e+01 1.041776607531576387e-01
1.384700000000000097e-01 3.910991222187163885e+01 1.336471193105186195e-01
1.385500000000000065e-01 3.923645899784057889e+01 1.311039663778331421e-01
1.388000000000000067e-01 3.921468784326172852e+01 1.075749738554465096e-01
1.394700000000000106e-01 3.905579546295325599e+01 1.132689057067295946e-01
1.405500000000000083e-01 3.924724972440439785e+01 1.166991323875203462e-01
1.413500000000000034e-01 3.919503100164755693e+01 1.325510373403392117e-01
1.416700000000000181e-01 3.900226317790986030e+01 1.050776141716207868e-01
1.434300000000000019e-01 3.920456820045047408e+01 1.085104948841355138e-01
1.439300000000000024e-01 3.926496649635588909e+01 1.133458865596806836e-01
1.440599999999999936e-01 3.914936787352649361e+01 1.052230844444316804e-01
1.446199999999999986e-01 3.887791278360150216e+01 1.399322782634514206e-01
1.451900000000000135e-01 3.919088895666046568e+01 1.401847709275155229e-01
1.453900000000000192e-01 3.911414510200531680e+01 1.726322246858911225e-01
1.456599999999999839e-01 3.921385453094496398e+01 1.278658378926912642e-01
1.464799999999999991e-01 3.922132046398022709e+01 1.113222012897696761e-01
1.471099999999999908e-01 3.922074253918138709e+01 1.037590839396724807e-01
1.472299999999999998e-01 3.965427380246847378e+01 1.221490482975614578e-01
1.476099999999999912e-01 3.911181349977091060e+01 1.140302043320102071e-01
1.477400000000000102e-01 3.922334788163851016e+01 1.027247292525027833e-01
1.486400000000000221e-01 3.934116990667867242e+01 1.067273863635758713e-01
1.494900000000000118e-01 3.931855624797838544e+01 1.670360065973800767e-01
1.506200000000000039e-01 3.933860982977272869e+01 1.164900532234404984e-01
1.506900000000000184e-01 3.922595701354714492e+01 1.104662844491476476e-01
1.517099999999999838e-01 3.917478133283566422e+01 1.037815373753925297e-01
1.525299999999999989e-01 3.925824337820969134e+01 1.140338217372372370e-01
1.526900000000000202e-01 3.921925986852113510e+01 1.163229448561202695e-01
1.528599999999999959e-01 3.936163479039930024e+01 1.029830447209636596e-01
1.529800000000000049e-01 3.933970737513382687e+01 1.100975022423306415e-01
1.533299999999999941e-01 3.934816757228119855e+01 1.051684006724453307e-01
1.535200000000000176e-01 3.934567634149377824e+01 1.054657171786168579e-01
1.547400000000000164e-01 3.927571617217701316e+01 1.050132610673528283e-01
1.549000000000000099e-01 3.936592037642746078e+01 1.068043772511220596e-01
1.549900000000000166e-01 3.939806877193449708e+01 1.184046768501987867e-01
1.562500000000000000e-01 3.916974928390084187e+01 1.263772625910214997e-01
1.567000000000000060e-01 3.930738117520009922e+01 1.551990254479711506e-01
1.567999999999999949e-01 3.929937059009526479e+01 1.108895170879556080e-01
1.567999999999999949e-01 3.925924389537405546e+01 1.258810053185150102e-01
1.581899999999999973e-01 3.945747249473504326e+01 1.241960647524711220e-01
1.588099999999999790e-01 3.948778884933921063e+01 1.249492496976272321e-01
1.593299999999999994e-01 3.928747543104341133e+01 1.059371275804663198e-01
1.594799999999999829e-01 3.924297635084350588e+01 1.778207383856000023e-01
1.601799999999999891e-01 3.936640038169850442e+01 1.109752111960144033e-01
1.603099999999999803e-01 3.947115889232001251e+01 1.294517863916910261e-01
1.603999999999999870e-01 3.964116719785916843e+01 1.100831617460181766e-01
1.604599999999999915e-01 3.948029122004098213e+01 1.673509187306720103e-01
1.605300000000000060e-01 3.960613225233202428e+01 1.161075148300057258e-01
1.613900000000000057e-01 3.965472141626466396e+01 1.206531702857409349e-01
1.616299999999999959e-01 3.934818801031346425e+01 1.303697434223140550e-01
1.626700000000000090e-01 3.941521356437247192e+01 1.307882257697534634e-01
1.638199999999999934e-01 3.957367202958656804e+01 1.196938699349302665e-01
1.644799999999999873e-01 3.953543232341504421e+01 1.088828498892272650e-01
1.650299999999999823e-01 3.942988987435198567e+01 1.163839443394147910e-01
1.651400000000000090e-01 3.946439320053434585e+01 1.072274335233292797e-01
1.657599999999999907e-01 3.973677092208610162e+01 1.220459442177412174e-01
1.679900000000000004e-01 3.945548612911900932e+01 1.223617995944812770e-01
1.693999999999999950e-01 3.953182573828605229e+01 1.148757372119979109e-01
1.694099999999999773e-01 3.951353696175468144e+01 1.321133604144562046e-01
1.700800000000000090e-01 3.948765989577703550e+01 1.075018604490173418e-01
1.704299999999999982e-01 3.968059969892283334e+01 1.429248491340816551e-01
1.714400000000000091e-01 3.951754201157137203e+01 1.734544536758857447e-01
1.715700000000000003e-01 3.976538173953462518e+01 1.163039014822804529e-01
1.728099999999999914e-01 3.944603207588272653e+01 1.311983422151362377e-01
1.733099999999999918e-01 3.969485506967357225e+01 9.977348094558995129e-02
1.735399999999999998e-01 3.958477300738395854e+01 1.287052252241532024e-01
1.735900000000000221e-01 3.961801113714378175e+01 1.087797315679717991e-01
1.736499999999999988e-01 3.943269936239018847e+01 1.376787020566362096e-01
1.737100000000000033e-01 3.961640920116612108e+01 1.270604678883247296e-01
1.741999999999999937e-01 3.975976054634349310e+01 1.119662449133666388e-01
1.742400000000000060e-01 3.972429461058417388e+01 1.109207036580637656e-01
1.746099999999999874e-01 3.961137339540432833e+01 1.320954957596965074e-01
1.753699999999999981e-01 3.961427541177995693e+01 1.253189331266429118e-01
1.767499999999999905e-01 3.964330253080914446e+01 1.294121130342905657e-01
1.768500000000000072e-01 3.973170330088934321e+01 1.065018779177156066e-01
1.770799999999999874e-01 3.956577787155695347e+01 1.277197322264652934e-01
1.774599999999999789e-01 3.991542716523910883e+01 1.294667621438027605e-01
1.774799999999999989e-01 3.973897580398152485e+01 1.215940068424426895e-01
1.776999999999999968e-01 3.981674956255346842e+01 1.108392642523397392e-01
1.777200000000000168e-01 3.960917183793795715e+01 1.228414628698307198e-01
1.781800000000000050e-01 3.971234808170363095e+01 1.290071703433572636e-01
1.783099999999999963e-01 3.958984593403685892e+01 1.138553029068035960e-01
1.786999999999999977e-01 3.964041958265315202e+01 1.156302944733775262e-01
1.789300000000000057e-01 3.970454360766130009e+01 1.228950772000245717e-01
1.791999999999999982e-01 3.987813064899015814e+01 1.494656064116424155e-01
1.796699999999999964e-01 3.943254579105136770e+01 1.701638328200208439e-01
1.797199999999999909e-01 3.982872587730683733e+01 1.136433566030148612e-01
1.800400000000000056e-01 4.003019938341310535e+01 1.436507657480460554e-01
1.804599999999999815e-01 3.980387422835566724e+01 1.060404286109783711e-01
1.805799999999999905e-01 3.947290297819967009e+01 1.120648026813057807e-01
1.806000000000000105e-01 3.956570195956133063e+01 1.145561216173103386e-01
1.807099999999999818e-01 3.997128979850829467e+01 1.644950227210537907e-01
1.812199999999999922e-01 3.970516467027362495e+01 1.057123573665822713e-01
1.814099999999999879e-01 3.957917690976272951e+01 1.595353565827963838e-01
1.815200000000000147e-01 3.977422666149858799e+01 1.260447638737920706e-01
1.821200000000000041e-01 3.962288453614095118e+01 1.379039792754364335e-01
1.822300000000000031e-01 3.965686610223426101e+01 1.265239601814612813e-01
1.826099999999999945e-01 3.980341941671174766e+01 1.378425732493412381e-01
1.835299999999999987e-01 3.967365299905919329e+01 1.249466085974325347e-01
1.835600000000000009e-01 3.967459146154276084e+01 1.286389132416781433e-01
1.836500000000000077e-01 3.996582357956735621e+01 1.416652833265793499e-01
1.844599999999999851e-01 3.959431618624034144e+01 1.308686841838030968e-01
1.845999999999999863e-01 3.985960024909181243e+01 1.084612834148665217e-01
1.845999999999999863e-01 3.977202597019696384e+01 1.120528892978668312e-01
1.847799999999999998e-01 3.962575345618922285e+01 1.058643471618277987e-01
1.848400000000000043e-01 3.973691866296470465e+01 1.237251793290274487e-01
1.853799999999999892e-01 3.977088175876654219e+01 1.043080893315566499e-01
1.854200000000000015e-01 3.974203091604861271e+01 1.285089101969197900e-01
1.854200000000000015e-01 3.988780827066607060e+01 1.171292448537085140e-01
1.856200000000000072e-01 3.977957990388719622e+01 1.300041345496365242e-01
1.862800000000000011e-01 3.968343291208348234e+01 1.140751835413820470e-01
1.890499999999999958e-01 4.009761666290465598e+01 1.189073168480392628e-01
1.890999999999999903e-01 3.966531220247100009e+01 1.305389692773770705e-01
1.891400000000000026e-01 3.996270084366162934e+01 1.290413015278441822e-01
1.895900000000000085e-01 4.015060962322215943e+01 1.606551430860524987e-01
1.898799999999999932e-01 3.967519945428409756e+01 1.187118570320589289e-01
1.900499999999999967e-01 3.977444182483625923e+01 1.553627690278465701e-01
1.902400000000000202e-01 4.003895364602582418e+01 1.184651108976815942e-01
1.907000000000000084e-01 3.976551951289199849e+01 1.194674328007428038e-01
1.914099999999999968e-01 3.994958823538754444e+01 1.553170064738565725e-01
1.918999999999999873e-01 4.022737064683636277e+01 1.405849565209592311e-01
1.935800000000000021e-01 3.989354506048304216e+01 1.362961114632401938e-01
1.957000000000000128e-01 3.984407768242257220e+01 1.294722460606905490e-01
1.958199999999999941e-01 3.990788910640738152e+01 1.153508127409599154e-01
1.958999999999999908e-01 3.999015186902887109e+01 1.195927986962425776e-01
1.960199999999999998e-01 3.967494844418531841e+01 1.092672412024756901e-01
1.963000000000000023e-01 3.984567691161227287e+01 1.371156993199538765e-01
1.965000000000000080e-01 4.019419567496930767e+01 1.386653976304110247e-01
1.969400000000000039e-01 3.990851848411015368e+01 1.169612542682404721e-01
1.973099999999999854e-01 3.984429073943743305e+01 1.124771532356682591e-01
1.977700000000000014e-01 3.995937173017345145e+01 1.292474371119211041e-01
1.983999999999999930e-01 3.996258534291212783e+01 1.319515441364745856e-01
1.984499999999999875e-01 3.995993206922872076e+01 1.391891967790603868e-01
1.985999999999999988e-01 3.999280627237302355e+01 1.225741816207638474e-01
1.993999999999999939e-01 3.995443019249592709e+01 1.416994266043444528e-01
1.995800000000000074e-01 3.999224535161201999e+01 1.531834276284481100e-01
1.998000000000000054e-01 3.995318169948632914e+01 1.362163995266355565e-01
2.007200000000000095e-01 4.006806546224280652e+01 1.609398956132381819e-01
2.007299999999999918e-01 4.004888509869572033e+01 2.116325057735696791e-01
2.019200000000000161e-01 4.003106311708295095e+01 1.151151923075316857e-01
2.024400000000000088e-01 3.993266273970169777e+01 1.379661643302443896e-01
2.028400000000000203e-01 4.005989675980306686e+01 1.167846522450617236e-01
2.029099999999999793e-01 3.997613995921253149e+01 1.212722556894197390e-01
2.029900000000000038e-01 4.034016704206885606e+01 1.385276687163975728e-01
2.031099999999999850e-01 3.980275002294968090e+01 1.259137502419811205e-01
2.031400000000000150e-01 4.018895008010290582e+01 1.207302468315210597e-01
2.032400000000000040e-01 3.997112520234752964e+01 1.199355764566961136e-01
2.043099999999999916e-01 3.992245325460930161e+01 1.247508817604108117e-01
2.049300000000000288e-01 4.002442310380342150e+01 1.571329055290456855e-01
2.053199999999999747e-01 3.986697194365566332e+01 1.354974354000842429e-01
2.056199999999999695e-01 4.015480763792005803e+01 1.214036140318730389e-01
2.058400000000000230e-01 3.962576080787276567e+01 1.580039319131014697e-01
2.071000000000000063e-01 3.994986896533614384e+01 1.860639742131721674e-01
2.082400000000000084e-01 4.003885174459134788e+01 1.212072708215146677e-01
2.082699999999999829e-01 3.980359846852958583e+01 1.323181582399029499e-01
2.086099999999999899e-01 3.994742260669931966e+01 1.132312125696797456e-01
2.088000000000000134e-01 3.999751648885556676e+01 1.614840626811203106e-01
2.098199999999999787e-01 4.022427516609928944e+01 1.587241632518502366e-01
2.102800000000000225e-01 3.998474239267825681e+01 1.338764168925953846e-01
2.103699999999999737e-01 4.026752738828790257e+01 1.207158647403066137e-01
2.105300000000000227e-01 4.008937545581522244e+01 1.510796561420497675e-01
2.107300000000000284e-01 4.040226244203316242e+01 1.626034593727944122e-01
2.107499999999999929e-01 4.000226334856631638e+01 1.273373766810043939e-01
2.107499999999999929e-01 4.005305393102985079e+01 1.057169215404989010e-01
2.107900000000000051e-01 4.032312987288674577e+01 1.234987449328939502e-01
2.113900000000000223e-01 4.024234101558887744e+01 1.279744310399542340e-01
2.115400000000000058e-01 4.027825202327250764e+01 1.820612396969766567e-01
2.119800000000000295e-01 4.001353381535376741e+01 1.233284537322997532e-01
2.123099999999999987e-01 4.016108776401245706e+01 1.306519996019961383e-01
2.131099999999999939e-01 4.022075701426278727e+01 1.432100729697460828e-01
2.131300000000000139e-01 4.004907212900592839e+01 1.236090712690618015e-01
2.132699999999999874e-01 3.993568339857904448e+01 1.367225840890962663e-01
2.143199999999999827e-01 3.984980518846739983e+01 1.311218517257897731e-01
2.143400000000000027e-01 3.985056692221412078e+01 1.736926380132445269e-01
2.149000000000000077e-01 4.037207848500649732e+01 1.485773367643934972e-01
2.164099999999999913e-01 4.013179398322896674e+01 1.158855146254267610e-01
2.165099999999999802e-01 4.017940738241217247e+01 1.365336130775129109e-01
2.173100000000000032e-01 4.018816920122511505e+01 1.397192452742284097e-01
2.173499999999999877e-01 3.990847368109995585e+01 1.568893957538239903e-01
2.179099999999999926e-01 3.994547892368456132e+01 1.425085874605456771e-01
2.184000000000000108e-01 4.010668699122585679e+01 1.417558111683609179e-01
2.185999999999999888e-01 4.022653936317133372e+01 1.687134997562435845e-01
2.186099999999999988e-01 4.018471871040047461e+01 1.346175972895074235e-01
2.191099999999999992e-01 4.023549487702042171e+01 1.263807145097700368e-01
2.192900000000000127e-01 4.022803556827445703e+01 1.536296195399832476e-01
2.194599999999999884e-01 4.004794940361625777e+01 1.026422914787077367e-01
2.195000000000000007e-01 4.007584589117870166e+01 1.348600200207607791e-01
2.198599999999999999e-01 4.016855892399296124e+01 1.085698968406988846e-01
2.204300000000000148e-01 4.029443401716713424e+01 1.546709976045929635e-01
2.214599999999999902e-01 4.044953666047050689e+01 1.493732824169034523e-01
2.214599999999999902e-01 4.015670685427579656e+01 1.199781021686874283e-01
2.222999999999999976e-01 4.043303156343048954e+01 1.394310582330923753e-01
2.225900000000000101e-01 4.043811311528656915e+01 1.548054424107886407e-01
2.230800000000000283e-01 4.011476651733158150e+01 1.283427832018614045e-01
2.237400000000000222e-01 4.037729551350071944e+01 1.224976836515695167e-01
2.242500000000000049e-01 4.004667120712528572e+01 1.536435729212257129e-01
2.244800000000000129e-01 4.018322581531935356e+01 1.540414311151386273e-01
2.250999999999999945e-01 4.025645584113259901e+01 1.297723872786503141e-01
2.255599999999999827e-01 4.033696431770731294e+01 1.230310936308379038e-01
2.256199999999999872e-01 4.021487157773641030e+01 1.244779799803965303e-01
2.264400000000000024e-01 4.053325568972482529e+01 1.411961224680054472e-01
2.279599999999999960e-01 4.048231497557609515e+01 1.506273796492523520e-01
2.285300000000000109e-01 4.040045374606678763e+01 1.291548392434445358e-01
2.288900000000000101e-01 4.031118169393225514e+01 1.437330424780607074e-01
2.293900000000000106e-01 4.028099960441611671e+01 1.273054005138823663e-01
2.294300000000000228e-01 4.036188757336781663e+01 1.412849602753244171e-01
2.302699999999999747e-01 4.021769611816528567e+01 1.466269842150482172e-01
2.307099999999999984e-01 4.044659301815914176e+01 1.527195878071964663e-01
2.308599999999999819e-01 4.026176093297095804e+01 1.539182006781524281e-01
2.315199999999999758e-01 4.029434265238789692e+01 1.500725158048601682e-01
2.335300000000000153e-01 4.000349239568876669e+01 1.528721524673476995e-01
2.335900000000000198e-01 4.028150134157343132e+01 1.538711798875929959e-01
2.336199999999999943e-01 4.052026043773464181e+01 1.600646275727401202e-01
2.346599999999999797e-01 4.060487524706977069e+01 1.952874099884577830e-01
2.351699999999999902e-01 4.024182981929224212e+01 1.459859411039295951e-01
2.360300000000000176e-01 4.050221091146799779e+01 1.233750075987839478e-01
2.364300000000000290e-01 4.051042810164240393e+01 1.434457301560419229e-01
2.365699999999999747e-01 4.035788442877371551e+01 1.461928349817459283e-01
2.368000000000000105e-01 4.031963398926709630e+01 1.243284561152433881e-01
2.375300000000000189e-01 4.043278573923104346e+01 1.318207305396233986e-01
2.382300000000000251e-01 4.043786892846296865e+01 1.435578716058440452e-01
2.385099999999999998e-01 4.008952743864740853e+01 2.472219549311913123e-01
2.394300000000000317e-01 4.062769603314771416e+01 1.480115198219381922e-01
2.400100000000000011e-01 4.065087453878164325e+01 1.644951063101878497e-01
2.407400000000000095e-01 4.023738410155822010e+01 1.182229778850118485e-01
2.411099999999999910e-01 4.033572441408094988e+01 1.120805513905066414e-01
2.414599999999999802e-01 4.025421458079513570e+01 1.303852656552879075e-01
2.416199999999999737e-01 4.046086665992616815e+01 1.519495557742766012e-01
2.417699999999999849e-01 4.041280672240278449e+01 1.570910086542192940e-01
2.423699999999999743e-01 4.049536105527983665e+01 1.521392043491749113e-01
2.427499999999999936e-01 4.060365890646196618e+01 1.215308191365466056e-01
2.428800000000000125e-01 4.059781112503599587e+01 1.177361669156933299e-01
2.431699999999999695e-01 4.030837992678646486e+01 1.549259097117070272e-01
2.441000000000000114e-01 4.068302502949386934e+01 1.450765487596117342e-01
2.448800000000000143e-01 4.032489421480726577e+01 1.299873840032177708e-01
2.449400000000000188e-01 4.074207964000994764e+01 1.238958635306280226e-01
2.451000000000000123e-01 4.060761335247099169e+01 1.442664895254612001e-01
2.452599999999999780e-01 4.058478544167704882e+01 1.883262329045000683e-01
2.452699999999999880e-01 4.042765144991852821e+01 1.472114210922508271e-01
2.452999999999999903e-01 4.045296183172167304e+01 1.412179786712725871e-01
2.457499999999999962e-01 4.057749362423836459e+01 1.226881412362254287e-01
2.458300000000000207e-01 4.045114699958241999e+01 1.310253124400014568e-01
2.459900000000000142e-01 4.044959956100262133e+01 1.220863628748108803e-01
2.461500000000000077e-01 4.054439933569162235e+01 1.466036919726102783e-01
2.461599999999999899e-01 4.053262974774843030e+01 1.307223106435928817e-01
2.464900000000000146e-01 4.051829328132170360e+01 1.082541800578619567e-01
2.480499999999999927e-01 4.073379007793707984e+01 1.345012546409883880e-01
2.482800000000000284e-01 4.042970061755730171e+01 1.389448091869573965e-01
2.483199999999999852e-01 4.071654150531951188e+01 1.327512900125644713e-01
2.484900000000000164e-01 4.057021320717224455e+01 1.471853678189513348e-01
2.486199999999999799e-01 4.048080428046547041e+01 1.400913898139353742e-01
2.487999999999999934e-01 4.024654601496157369e+01 1.597230258916979007e-01
2.489999999999999991e-01 4.037870375467545614e+01 1.160179835197974740e-01
2.493100000000000038e-01 4.069031376096548058e+01 1.410364137377294325e-01
2.494300000000000128e-01 4.060198444624528236e+01 1.445824245888828741e-01
2.495400000000000118e-01 4.050831587671707013e+01 1.248527332500174031e-01
2.499900000000000178e-01 4.037950499870336785e+01 1.331908499109454580e-01
2.500100000000000100e-01 4.053681779784913175e+01 1.626152668109608901e-01
2.500999999999999890e-01 4.032789074829737785e+01 1.323911722887897158e-01
2.501200000000000090e-01 4.033185739028837702e+01 1.432803458259366280e-01
2.505000000000000004e-01 4.048077316240288326e+01 1.115654516416260400e-01
2.505100000000000104e-01 4.052734626575112031e+01 1.317899749601615100e-01
2.508500000000000174e-01 4.071218045332491187e+01 1.660100298174781996e-01
2.514899999999999913e-01 4.031744764545467774e+01 1.267419425446840719e-01
2.516300000000000203e-01 4.033497673704145825e+01 1.463225717379242896e-01
2.521800000000000153e-01 4.038536225617982467e+01 1.610603070281439730e-01
2.524899999999999922e-01 4.078260800653755069e+01 1.134060734705156781e-01
2.534000000000000141e-01 4.063840324904172974e+01 1.126061610215000619e-01
2.557699999999999974e-01 4.053244323422617867e+01 1.818983919665042026e-01
2.562599999999999878e-01 4.053383031795330282e+01 1.615603525002344276e-01
2.564099999999999713e-01 4.047878346254174886e+01 1.750017571340356515e-01
2.565399999999999903e-01 4.066615440256567382e+01 1.481700796382319496e-01
2.569000000000000172e-01 4.076091526646801810e+01 1.672561284377944435e-01
2.569299999999999917e-01 4.048661193504087663e+01 1.447226312640839396e-01
2.574000000000000177e-01 4.050617381311192844e+01 1.501179536231426193e-01
2.576900000000000301e-01 4.040508231063776634e+01 1.429736951330558559e-01
2.584800000000000431e-01 4.051613649071220635e+01 1.409752371872450560e-01
2.604299999999999948e-01 4.071414155466668205e+01 1.522163920213588650e-01
2.605099999999999638e-01 4.058988665938740326e+01 1.227943504400752089e-01
2.608800000000000008e-01 4.078219045037630508e+01 1.423747431955541820e-01
2.610999999999999988e-01 4.050164385475309103e+01 1.387781593046975015e-01
2.613199999999999967e-01 4.086239439332156564e+01 1.789495250063548037e-01
2.613599999999999812e-01 4.075017268058439157e+01 1.584624166797919120e-01
2.619900000000000007e-01 4.052433736711154921e+01 1.083653311719204870e-01
2.631199999999999650e-01 4.051674774727358397e+01 1.314379891812104684e-01
2.631800000000000250e-01 4.054578886421578687e+01 1.430768412427392000e-01
2.632700000000000040e-01 4.066932660773434094e+01 1.515198996831769451e-01
2.634900000000000020e-01 4.076285571215691306e+01 1.080686818648215058e-01
2.637700000000000045e-01 4.053532430412121812e+01 1.570664588637561421e-01
2.638800000000000034e-01 4.070119050708643016e+01 1.419290844048534117e-01
2.638800000000000034e-01 4.088032711209371683e+01 1.296912776558238611e-01
2.641900000000000359e-01 4.088471890072086978e+01 1.666104588553792010e-01
2.646000000000000019e-01 4.060745716790520277e+01 1.390332693998094782e-01
2.655000000000000138e-01 4.078553304364013599e+01 1.302445392329367457e-01
2.665800000000000392e-01 4.064335069595762207e+01 1.477801661252280685e-01
2.680099999999999705e-01 4.086699861056591487e+01 1.672688330203806750e-01
2.682599999999999985e-01 4.081740656550436341e+01 1.528808277711760644e-01
2.682800000000000185e-01 4.070094571357823554e+01 1.627729323321294719e-01
2.684799999999999964e-01 4.055002722506707613e+01 1.444892124000957956e-01
2.684900000000000064e-01 4.069935915684305883e+01 1.052911677207542390e-01
2.686199999999999699e-01 4.057530918963247046e+01 9.950298990482647765e-02
2.699099999999999833e-01 4.089262040886789151e+01 1.271144464645934946e-01
2.700099999999999723e-01 4.068404982896780808e+01 1.374025381861630757e-01
2.704699999999999882e-01 4.077380169233997975e+01 1.243707964113762582e-01
2.705699999999999772e-01 4.022463797851690259e+01 1.691259294135585844e-01
2.708800000000000097e-01 4.075765706384541431e+01 1.201789082992519159e-01
2.713099999999999956e-01 4.069991216409871981e+01 1.080516196084075342e-01
2.730699999999999794e-01 4.060596344350368270e+01 1.452085655187048685e-01
2.744599999999999818e-01 4.062663457303288794e+01 1.526580492473292305e-01
2.750900000000000012e-01 4.076270264218611317e+01 1.163620105532729293e-01
2.750900000000000012e-01 4.089933313849647334e+01 1.383782316695801595e-01
2.751099999999999657e-01 4.094729460805010035e+01 1.552089961954525310e-01
2.753999999999999782e-01 4.077328270588169801e+01 1.531627728921097775e-01
2.763100000000000001e-01 4.071720887461878391e+01 1.906843792763319168e-01
2.771600000000000175e-01 4.100765344985797611e+01 2.056218252034545113e-01
2.780500000000000194e-01 4.082131767286261237e+01 1.393258321346045325e-01
2.789999999999999702e-01 4.064640387311465730e+01 1.328302394035333900e-01
2.794599999999999862e-01 4.096121174337221760e+01 1.399692109001118845e-01
2.798900000000000277e-01 4.081571919525751468e+01 1.138561043598453754e-01
2.805099999999999816e-01 4.085452789737780677e+01 1.107590741203627049e-01
2.825099999999999834e-01 4.075073980975978571e+01 1.075072555691010123e-01
2.831299999999999928e-01 4.060648924273849758e+01 1.361119484101230293e-01
2.836000000000000187e-01 4.091561309763790888e+01 1.030124992415968888e-01
2.839700000000000002e-01 4.071598310339248883e+01 1.147896118993352033e-01
2.839999999999999747e-01 4.087945720203565259e+01 1.515934612705970297e-01
2.840300000000000047e-01 4.090233051589137148e+01 1.365092579278050222e-01
2.850900000000000101e-01 4.062079719780564346e+01 1.544887455447807034e-01
2.853999999999999870e-01 4.077352267283780662e+01 1.233232236847545266e-01
2.854599999999999915e-01 4.075141854156760246e+01 1.396528195204092826e-01
2.857800000000000340e-01 4.084324261184684701e+01 1.359564452315520089e-01
2.862199999999999744e-01 4.078899753523334226e+01 1.559857285138611382e-01
2.863100000000000089e-01 4.080729304495286414e+01 1.505405261050990207e-01
2.870699999999999918e-01 4.100976228119618128e+01 1.430968815173831732e-01
2.871199999999999863e-01 4.107033004716122804e+01 1.492407786096012212e-01
2.884499999999999842e-01 4.089575417529835022e+01 1.257657743585272880e-01
2.885400000000000187e-01 4.099820892744037337e+01 1.640270252123106620e-01
2.896000000000000241e-01 4.082570992830259371e+01 1.650258464604862918e-01
2.900300000000000100e-01 4.076168751518689959e+01 1.532854282050319372e-01
2.902000000000000135e-01 4.089464463153423424e+01 1.384999007219860634e-01
2.908000000000000029e-01 4.110351304134543682e+01 1.465916351638114346e-01
2.908999999999999919e-01 4.076773471595781473e+01 1.596800472820571193e-01
2.912099999999999689e-01 4.093174307288681746e+01 1.502382940531474531e-01
2.917199999999999793e-01 4.077593693955446241e+01 1.255158057775991598e-01
2.921199999999999908e-01 4.087082655235338535e+01 1.227698049196136870e-01
2.924499999999999877e-01 4.060318583586806795e+01 1.650264675741439924e-01
2.928199999999999692e-01 4.091112944608514113e+01 1.352546487186299939e-01
2.929100000000000037e-01 4.085452615550036626e+01 1.709224092973183062e-01
2.931799999999999962e-01 4.107822940379831778e+01 1.438457507193034723e-01
2.953199999999999714e-01 4.061265013676523949e+01 1.926109939749026667e-01
2.955999999999999739e-01 4.092046390775590226e+01 1.231742262001268018e-01
2.964900000000000313e-01 4.100038036370091277e+01 1.447499740932619572e-01
2.984300000000000286e-01 4.094483237765318506e+01 1.605821985775509331e-01
2.985900000000000221e-01 4.075013152424649832e+01 1.634294037191594273e-01
2.988000000000000100e-01 4.115728771901876826e+01 1.643780627091097069e-01
2.991099999999999870e-01 4.073904795851353811e+01 1.302605082133491410e-01
2.994800000000000240e-01 4.105665770991711128e+01 1.615283566436555851e-01
3.000400000000000289e-01 4.071592172474798588e+01 1.589788743827304784e-01
3.000599999999999934e-01 4.101994502407909948e+01 1.653738416437134373e-01
3.001199999999999979e-01 4.100609195149240804e+01 1.195212010481822434e-01
3.007799999999999918e-01 4.104575797083723643e+01 1.705183421218960937e-01
3.014300000000000312e-01 4.105590852881098840e+01 1.446377889764635383e-01
3.015599999999999947e-01 4.084014930022473067e+01 1.350971409764099851e-01
3.015800000000000147e-01 4.113733745996468372e+01 9.411129050225588988e-02
3.024900000000000366e-01 4.107590577279510313e+01 1.583734115942445619e-01
3.031699999999999950e-01 4.088327681599575669e+01 1.377902663470827183e-01
3.033699999999999730e-01 4.099659516530812908e+01 1.188121521562504196e-01
3.036900000000000155e-01 4.111940494581288164e+01 1.351418329015852959e-01
3.052500000000000213e-01 4.104289505376844716e+01 1.130659099817447194e-01
3.053800000000000403e-01 4.108108950850012775e+01 1.977446649090690289e-01
3.054899999999999838e-01 4.086878962041344465e+01 1.331903806586646755e-01
3.056699999999999973e-01 4.115435840310184545e+01 1.203051017205837431e-01
3.061699999999999977e-01 4.070633463774196770e+01 1.614648800823262620e-01
3.064199999999999702e-01 4.103119608781830863e+01 1.494238100170116601e-01
3.066599999999999882e-01 4.109298524249040696e+01 1.628133286927087031e-01
3.080100000000000060e-01 4.093507691652847313e+01 1.183541507510404017e-01
3.088000000000000189e-01 4.073227508153892273e+01 1.553667676821526844e-01
3.089399999999999924e-01 4.085527268533690659e+01 1.694070098903820432e-01
3.089999999999999969e-01 4.101548339706319979e+01 1.969420155781899107e-01
3.091999999999999749e-01 4.094343321068056696e+01 1.463237335499610603e-01
3.103199999999999847e-01 4.142104995282173974e+01 1.580640297474412703e-01
3.107900000000000107e-01 4.124477452492710228e+01 1.385799498484538983e-01
3.115600000000000036e-01 4.122738597099385771e+01 1.084160158832633003e-01
3.126200000000000090e-01 4.115488227458148174e+01 1.430758802174566247e-01
3.135300000000000309e-01 4.084195753094006420e+01 1.495707274168311396e-01
3.143699999999999828e-01 4.118823387892960142e+01 1.371322172211912882e-01
3.146800000000000153e-01 4.099507003736400890e+01 1.573154474296787064e-01
3.148000000000000242e-01 4.119839511053343273e+01 1.249954499171869876e-01
3.155499999999999972e-01 4.118121514003966865e+01 1.536689217115809469e-01
3.157900000000000151e-01 4.129903202091011849e+01 1.523202054883067702e-01
3.177400000000000224e-01 4.109157928757937128e+01 1.522227151249116450e-01
3.181100000000000039e-01 4.120666493059763980e+01 1.248003906243886629e-01
3.184099999999999708e-01 4.127698625813658140e+01 2.109392862887328746e-01
3.189400000000000013e-01 4.110255335453577885e+01 1.371383790191498253e-01
3.189400000000000013e-01 4.130670316872095782e+01 1.567710352711877697e-01
3.200699999999999656e-01 4.125873822251666923e+01 1.359420096953108947e-01
3.209199999999999831e-01 4.133111160766429037e+01 1.550762796174837421e-01
3.209500000000000131e-01 4.117080517535924145e+01 1.246572099800087735e-01
3.221800000000000219e-01 4.096439230049035984e+01 1.403881138131002904e-01
3.245399999999999952e-01 4.104239937647665215e+01 1.024338933166166477e-01
3.252900000000000236e-01 4.094193399738725248e+01 1.810036187483554104e-01
3.253099999999999881e-01 4.103994863322941455e+01 1.411828690032894962e-01
3.255300000000000415e-01 4.131363281850221369e+01 1.385353564978991092e-01
3.260099999999999665e-01 4.120934364636287484e+01 1.465279324907029501e-01
3.275300000000000433e-01 4.134544598313012642e+01 1.386860573381477335e-01
3.283200000000000007e-01 4.120024049182474357e+01 1.816546930304857310e-01
3.284000000000000252e-01 4.140513640807936468e+01 1.658647717268498245e-01
3.284099999999999797e-01 4.120505454984449045e+01 1.725603155421315260e-01
3.289099999999999802e-01 4.102773613239983064e+01 2.096414140860531350e-01
3.294400000000000106e-01 4.117142568943805259e+01 1.430851057937198301e-01
3.294400000000000106e-01 4.118624689121549665e+01 1.191123314354983198e-01
3.301499999999999990e-01 4.107525337990139036e+01 1.590231901327602004e-01
3.305899999999999950e-01 4.134579419102846742e+01 1.154713384351285649e-01
3.306000000000000050e-01 4.149544516192950283e+01 1.562765737402762589e-01
3.306999999999999940e-01 4.098634890940967779e+01 1.482337512174606020e-01
3.308099999999999929e-01 4.118969645045066130e+01 1.560773606260690283e-01
3.309400000000000119e-01 4.128165981716195887e+01 1.070363372878575386e-01
3.309599999999999764e-01 4.120362444671254565e+01 1.906546026195014287e-01
3.315899999999999959e-01 4.108113394660849593e+01 1.402445186094629648e-01
3.315899999999999959e-01 4.124812615732799514e+01 1.169233830335061897e-01
3.317999999999999838e-01 4.103367847798379842e+01 1.202195595566711434e-01
3.329300000000000037e-01 4.160791926038326238e+01 1.438964123944721507e-01
3.339799999999999991e-01 4.133039754848425673e+01 1.593368758323069623e-01
3.349300000000000055e-01 4.142676511939024664e+01 1.130996684345272479e-01
3.374199999999999977e-01 4.139382385180864787e+01 1.462208346987528551e-01
3.374800000000000022e-01 4.124225399515666624e+01 1.664004882805336094e-01
3.375299999999999967e-01 4.127272348104593647e+01 1.067851698504993785e-01
3.382900000000000351e-01 4.130049452772660601e+01 1.511716904714635878e-01
3.384800000000000031e-01 4.122699479332467831e+01 1.392380425745780304e-01
3.385000000000000231e-01 4.119203448412368829e+01 1.619617701804965948e-01
3.405199999999999894e-01 4.140296781694178208e+01 1.058221975768789264e-01
3.409200000000000008e-01 4.141530079308681422e+01 1.486973436211958544e-01
3.416000000000000147e-01 4.124321025328026025e+01 1.694289452838563803e-01
3.454599999999999893e-01 4.109830826664715886e+01 1.628180119028604100e-01
3.459300000000000153e-01 4.149515733318654753e+01 1.113082656409666721e-01
3.468800000000000217e-01 4.150590037705352842e+01 2.534265870030214529e-01
3.470099999999999851e-01 4.134679366885420393e+01 1.406762506608702501e-01
3.487199999999999744e-01 4.167687212049219880e+01 1.333659533014329712e-01
3.490199999999999969e-01 4.129032689960269664e+01 1.225316489728266178e-01
3.492300000000000404e-01 4.119624686665087410e+01 1.159923812153194900e-01
3.493100000000000094e-01 4.122851938802742211e+01 1.382525677880884762e-01
3.495699999999999918e-01 4.128886056878098998e+01 1.202304038086872556e-01
3.495699999999999918e-01 4.142607855255948124e+01 1.108998309286357703e-01
3.507000000000000117e-01 4.142789054999202847e+01 1.074979418407626952e-01
3.509199999999999542e-01 4.123082765423033180e+01 1.285061866215008175e-01
3.515699999999999936e-01 4.124034887140131644e+01 1.138298071684214069e-01
3.516099999999999781e-01 4.118169436608611989e+01 1.160253205123778081e-01
3.530599999999999850e-01 4.157871428384476786e+01 1.516711409596433469e-01
3.536299999999999999e-01 4.124865580611042049e+01 1.457291065642001560e-01
3.552699999999999747e-01 4.140405632514517720e+01 1.132401430588994007e-01
3.558199999999999696e-01 4.127569142583988793e+01 1.266692444913128934e-01
3.583300000000000374e-01 4.157247500703182652e+01 1.145282607045090828e-01
3.585800000000000098e-01 4.130442483953020627e+01 1.188725578087726636e-01
3.590200000000000058e-01 4.132817832875002040e+01 1.344483358022701691e-01
3.600099999999999967e-01 4.133076112740749153e+01 1.337683071583101180e-01
3.602000000000000202e-01 4.129653662124364644e+01 1.606266322874261021e-01
3.608199999999999741e-01 4.154162322086196468e+01 1.424182660335394091e-01
3.613500000000000045e-01 4.154565943136892514e+01 2.037954489187626672e-01
3.616500000000000270e-01 4.137799161212975463e+01 1.647477920944617757e-01
3.649100000000000121e-01 4.146485771413107102e+01 1.426757687906394512e-01
3.661599999999999855e-01 4.174162201135681016e+01 1.844227480545716225e-01
3.664600000000000080e-01 4.140664147020663677e+01 1.247896029322956013e-01
3.678300000000000458e-01 4.162666168577158032e+01 1.240019052272988281e-01
3.679100000000000148e-01 4.138694551735250116e+01 1.025723159531849588e-01
3.692400000000000126e-01 4.167341134739327657e+01 1.437832483288647711e-01
3.693899999999999961e-01 4.172982100615425338e+01 1.562963371291854753e-01
3.700300000000000256e-01 4.143697674288065258e+01 1.640972272770018503e-01
3.701300000000000145e-01 4.162176018656705878e+01 1.364033174083387201e-01
3.704999999999999960e-01 4.164392637986455270e+01 1.051072309596252363e-01
3.705100000000000060e-01 4.155847274145982340e+01 1.144911677816241036e-01
3.705300000000000260e-01 4.145516088467621785e+01 1.136975703346381900e-01
3.705999999999999850e-01 4.155855136424145968e+01 1.218013341470445543e-01
3.708899999999999975e-01 4.164360235502352481e+01 2.640788755277483357e-01
3.714399999999999924e-01 4.141648085139965474e+01 1.252014776270631846e-01
3.714999999999999969e-01 4.145886093856637444e+01 1.082598378901428043e-01
3.716400000000000259e-01 4.143172813479027639e+01 1.072622836788402617e-01
3.734999999999999987e-01 4.157838573908382074e+01 1.046653237705783834e-01
3.738599999999999701e-01 4.150128835160813168e+01 8.631451210543913954e-02
3.785999999999999921e-01 4.173240493145912211e+01 1.467318983725079684e-01
3.794899999999999940e-01 4.144195605981207109e+01 1.399350920963001454e-01
3.799000000000000155e-01 4.166979521473951564e+01 1.310561902391489397e-01
3.800300000000000344e-01 4.159027934569682117e+01 1.509934766802857875e-01
3.805399999999999894e-01 4.153521872836142137e+01 1.311430326018122872e-01
3.808300000000000018e-01 4.178809989228032862e+01 1.386137258715744724e-01
3.816400000000000348e-01 4.161042345270624310e+01 1.412417696717228055e-01
3.817099999999999937e-01 4.170969555407668850e+01 1.433847272201611012e-01
3.824599999999999667e-01 4.116879011044068193e+01 1.826921454250291510e-01
3.844699999999999784e-01 4.159618134993391436e+01 1.497776602167359417e-01
3.859800000000000453e-01 4.148194755063071426e+01 1.263659764335321456e-01
3.873400000000000176e-01 4.162234613876881184e+01 1.854868795899052292e-01
3.877499999999999836e-01 4.178609670535869469e+01 1.591222093235259150e-01
3.888699999999999934e-01 4.151974421819745231e+01 1.412454158548163141e-01
3.926699999999999635e-01 4.129253911351356976e+01 1.590369296735824334e-01
4.004800000000000026e-01 4.179727509667787899e+01 1.154130841802609442e-01
4.007800000000000251e-01 4.187191969013915127e+01 1.350683160478429734e-01
4.007999999999999896e-01 4.197589419174415326e+01 1.604259018986647356e-01
4.021399999999999975e-01 4.183089958797609853e+01 1.492475627941709515e-01
4.045500000000000207e-01 4.168683412622395679e+01 1.078597468938250342e-01
4.047100000000000142e-01 4.191617712618413805e+01 1.539021523566191096e-01
4.054699999999999971e-01 4.164758549856988168e+01 1.107959723997221924e-01
4.092699999999999672e-01 4.144250770710161191e+01 1.906396010801533480e-01
4.094599999999999906e-01 4.172030796735663216e+01 1.092807508209931860e-01
4.099600000000000466e-01 4.185590681956173142e+01 2.056252963523700072e-01
4.113100000000000089e-01 4.199181835843986477e+01 1.540844005731923372e-01
4.115500000000000269e-01 4.186597403794684880e+01 1.291800681219823499e-01
4.166399999999999548e-01 4.186485016985159291e+01 1.178869691696245170e-01
4.186500000000000221e-01 4.175028965452835905e+01 1.155674262065223973e-01
4.192899999999999405e-01 4.176727004541038468e+01 1.493410275175579283e-01
4.193000000000000060e-01 4.176461697990492894e+01 1.522855048913060450e-01
4.195699999999999985e-01 4.179022948109400204e+01 1.213123757083340720e-01
4.202800000000000424e-01 4.154555760308389978e+01 2.332936561503548278e-01
4.208600000000000119e-01 4.201444577508386402e+01 1.627345307548462572e-01
4.224399999999999822e-01 4.168473016162359102e+01 1.196152791243660501e-01
4.235300000000000176e-01 4.195346716107271590e+01 2.656963774687189916e-01
4.235899999999999666e-01 4.183845825932536400e+01 1.428665811167888211e-01
4.269300000000000317e-01 4.175128674185436495e+01 1.630781101190469651e-01
4.269600000000000617e-01 4.214306067749414098e+01 1.533527551105620113e-01
4.278399999999999426e-01 4.224033078439245514e+01 1.710274320101895229e-01
4.286600000000000410e-01 4.196433445599818413e+01 1.299184359511766640e-01
4.288600000000000190e-01 4.162242480433454972e+01 1.475609026808930857e-01
4.296699999999999964e-01 4.187541626842889286e+01 1.531627239245894334e-01
4.301499999999999768e-01 4.170116011692304880e+01 1.260267134380644027e-01
4.348699999999999788e-01 4.194750483048800049e+01 1.153009973937779986e-01
4.354399999999999382e-01 4.172464792499646791e+01 1.098635289802762510e-01
4.367300000000000071e-01 4.214929866648409273e+01 1.424801828325609754e-01
4.388500000000000179e-01 4.170274522450536381e+01 1.922745367956974205e-01
4.392699999999999938e-01 4.194196189415943365e+01 1.326047510461069445e-01
4.400699999999999612e-01 4.216065310083074280e+01 1.697052665653013825e-01
4.405800000000000272e-01 4.200742949210987831e+01 1.374993363620348463e-01
4.425499999999999989e-01 4.176423877084217651e+01 1.143037182247366723e-01
4.436800000000000188e-01 4.201120428241078741e+01 1.353830676266422894e-01
4.475800000000000334e-01 4.182970753908117700e+01 1.527556709258284795e-01
4.495600000000000152e-01 4.226255458980406843e+01 1.416990737443262205e-01
4.505899999999999905e-01 4.200134284376341043e+01 1.319571331910480705e-01
4.506999999999999895e-01 4.197117301486350982e+01 1.550522734435067773e-01
4.515500000000000069e-01 4.189609831019912889e+01 1.255090733771865585e-01
4.516899999999999804e-01 4.205583396771191929e+01 1.380243094530814729e-01
4.517300000000000204e-01 4.199279989147493808e+01 1.250075097744131614e-01
4.603999999999999759e-01 4.202381201391005305e+01 1.474630207882640653e-01
4.610100000000000309e-01 4.232089639153975469e+01 1.645373589796554348e-01
4.612699999999999578e-01 4.230810117351564514e+01 1.379717996548570358e-01
4.615600000000000258e-01 4.209925847399156851e+01 1.114225179216481315e-01
4.663999999999999813e-01 4.201583829612753362e+01 1.588744315489437064e-01
4.666399999999999437e-01 4.198960923166397663e+01 1.166871351092313019e-01
4.683999999999999830e-01 4.208358333709037424e+01 1.180827781685373501e-01
4.703899999999999748e-01 4.226287416347866355e+01 1.411964411732816727e-01
4.705699999999999883e-01 4.195501465217370196e+01 1.223271842232951934e-01
4.705799999999999983e-01 4.204393998862973802e+01 1.294646380290772614e-01
4.717500000000000027e-01 4.208955780125185697e+01 1.501877158758332109e-01
4.757199999999999762e-01 4.220961714902113471e+01 1.092748598717930147e-01
4.779600000000000515e-01 4.191137831730037533e+01 1.650898846083550808e-01
4.794199999999999573e-01 4.250476692696170744e+01 1.465222167454478808e-01
4.803999999999999937e-01 4.213210306850009346e+01 1.724443605920471800e-01
4.805699999999999972e-01 4.233751011198728520e+01 1.153922224415493275e-01
4.807199999999999807e-01 4.189714904740886681e+01 1.140969543852946022e-01
4.817600000000000215e-01 4.212362991143241686e+01 1.543770951274832104e-01
4.888100000000000223e-01 4.231966329750211742e+01 1.140104381186214100e-01
4.948000000000000176e-01 4.234290681213015262e+01 1.181719615644929583e-01
4.973699999999999788e-01 4.249559097492806359e+01 1.327729170425956950e-01
5.007399999999999629e-01 4.201628116579219352e+01 1.365424201484652100e-01
5.009100000000000774e-01 4.230591466416907309e+01 1.967138658051333089e-01
5.027500000000000302e-01 4.217121005143017953e+01 2.089725161354956950e-01
5.027599999999999847e-01 4.201045432908014021e+01 2.086234047272740588e-01
5.030899999999999261e-01 4.227050364040375285e+01 1.267582245852315326e-01
5.071799999999999642e-01 4.204120001437748755e+01 1.411565797262033517e-01
5.073600000000000332e-01 4.250860108606222099e+01 1.261534779544345453e-01
5.081799999999999651e-01 4.247773929313509456e+01 1.421330098886250948e-01
5.100200000000000289e-01 4.226323423496584297e+01 1.192070677434857451e-01
5.109000000000000208e-01 4.252864573085175692e+01 1.737638555626572212e-01
5.117599999999999927e-01 4.241884145760039360e+01 1.175938348724115817e-01
5.138000000000000345e-01 4.231796822538542102e+01 1.339378027294758911e-01
5.143399999999999084e-01 4.223739799133844031e+01 1.184491135467040934e-01
5.147599999999999953e-01 4.218226037380917859e+01 1.365553367686521413e-01
5.155899999999999928e-01 4.218177429990191030e+01 1.770382585770657602e-01
5.187899999999999734e-01 4.229963587485578813e+01 1.528088839040452895e-01
5.194100000000000383e-01 4.228103300475654436e+01 1.968197589166290895e-01
5.196100000000000163e-01 4.248819430447615986e+01 1.103714184016858502e-01
5.227800000000000225e-01 4.253993889150631702e+01 1.426251468009761547e-01
5.285100000000000353e-01 4.276192073892777046e+01 1.439855808753084665e-01
5.327800000000000313e-01 4.249696337684268599e+01 1.147976807257010817e-01
5.337800000000000322e-01 4.224768810150114717e+01 1.671348557303353188e-01
5.343299999999999716e-01 4.259191385746927239e+01 1.297090012296756301e-01
5.353200000000000180e-01 4.243815790320125103e+01 1.117695732299269357e-01
5.357800000000000340e-01 4.233436555979165661e+01 1.273980180379584715e-01
5.453899999999999304e-01 4.293071515645619485e+01 1.467829349754255219e-01
5.483100000000000751e-01 4.243766542426264010e+01 1.443725562563744347e-01
5.501399999999999624e-01 4.264779171971589733e+01 1.441141821612293705e-01
5.503100000000000769e-01 4.258921989437894240e+01 1.255471624530000996e-01
5.525999999999999801e-01 4.250481103522568560e+01 1.348438077925716294e-01
5.538100000000000245e-01 4.260415701776941688e+01 1.248385757688704190e-01
5.577499999999999680e-01 4.285372302347626317e+01 1.354870288994484973e-01
5.587499999999999689e-01 4.257398243357533119e+01 1.521738890217372298e-01
5.587499999999999689e-01 4.245984713561902879e+01 1.340948172003675887e-01
5.627600000000000380e-01 4.263751524952620997e+01 1.182417756125135333e-01
5.647499999999999742e-01 4.247191786312979644e+01 1.365604353390834635e-01
5.758400000000000185e-01 4.246449250342142534e+01 1.391325716717692063e-01
5.761300000000000310e-01 4.261663952233103458e+01 1.457984653554350585e-01
5.766100000000000669e-01 4.258496550064960928e+01 1.236599369238072926e-01
5.782399999999999762e-01 4.245945884387484170e+01 1.629632934129646160e-01
5.782800000000000162e-01 4.277610658672072930e+01 1.396076018703852617e-01
5.787499999999999867e-01 4.252915430136091857e+01 1.214022961067870443e-01
5.796000000000000041e-01 4.271092874303327847e+01 1.204504877532673185e-01
5.806000000000000050e-01 4.291786564007667693e+01 1.613531840404768825e-01
5.807299999999999685e-01 4.256749686084645390e+01 1.378470166525195273e-01
5.829400000000000137e-01 4.253419544337561575e+01 1.264904344209474285e-01
5.832800000000000207e-01 4.286018877018771889e+01 1.302186334592711214e-01
5.837499999999999911e-01 4.282193869676338238e+01 1.000187857354807169e-01
5.837499999999999911e-01 4.256984898273084639e+01 1.408655298502795583e-01
5.857499999999999929e-01 4.285118680616580633e+01 1.423010189703503015e-01
5.872800000000000242e-01 4.270630610742661304e+01 1.411513106563307696e-01
5.887299999999999756e-01 4.296342023754743167e+01 1.306964326215524497e-01
5.902699999999999614e-01 4.289584755553703133e+01 1.671037103118898359e-01
5.918499999999999872e-01 4.280556318969856733e+01 1.269138388829208763e-01
6.006000000000000227e-01 4.270237815726634523e+01 1.551189140627280139e-01
6.032600000000000184e-01 4.278590919926702441e+01 1.435333759095772099e-01
6.082499999999999574e-01 4.270834518732534235e+01 1.273668324172348987e-01
6.098700000000000232e-01 4.284519857314575830e+01 1.493213899613849704e-01
6.106399999999999606e-01 4.283910225705463404e+01 1.336605962877616405e-01
6.112400000000000055e-01 4.304640604280278637e+01 1.599418956996571384e-01
6.157000000000000250e-01 4.297259627877311061e+01 1.440764206940192138e-01
6.199200000000000266e-01 4.284706115607725252e+01 1.166493249016041234e-01
6.206300000000000150e-01 4.295315576666539670e+01 1.141888567242881347e-01
6.218899999999999428e-01 4.320615781678861822e+01 1.635795372288355587e-01
6.252199999999999980e-01 4.273928683743370271e+01 1.313478397233848738e-01
6.272300000000000653e-01 4.272451554070418922e+01 1.390361823411445652e-01
6.305600000000000094e-01 4.299940497485501822e+01 1.191995490763283067e-01
6.307099999999999929e-01 4.292357204791305492e+01 1.442286379329708601e-01
6.319000000000000172e-01 4.310338135826058448e+01 1.778682166661599007e-01
6.322200000000000042e-01 4.296975121837616030e+01 2.051555690201950222e-01
6.377099999999999991e-01 4.282080975760547403e+01 2.334710581635333904e-01
6.382200000000000095e-01 4.285402810688142239e+01 1.847169185537697322e-01
6.419100000000000916e-01 4.317090132743452102e+01 1.666534878122867269e-01
6.436399999999999899e-01 4.267702367924449192e+01 1.949281406057114252e-01
6.436399999999999899e-01 4.264592805378992324e+01 2.019063644365872989e-01
6.476399999999999935e-01 4.290743528922273242e+01 1.620154930863094978e-01
6.486399999999999944e-01 4.302970065107244579e+01 1.597161075158044230e-01
6.620599999999999818e-01 4.290887375331239895e+01 1.800903731463733559e-01
6.646400000000000086e-01 4.317951302376668821e+01 1.616869196935855901e-01
6.706499999999999684e-01 4.300418500834442881e+01 1.780066010011988331e-01
6.776699999999999946e-01 4.281380339028771687e+01 2.060197320646738606e-01
6.819600000000000106e-01 4.298413381042472992e+01 1.489723799903861501e-01
6.836600000000000454e-01 4.290723506216951932e+01 2.907917553851896431e-01
6.851699999999999458e-01 4.289617559598411134e+01 2.329635057256822794e-01
6.886600000000000499e-01 4.320771265119020654e+01 1.523559647667264705e-01
6.906499999999999861e-01 4.300562713146670291e+01 1.842105249436090109e-01
6.931500000000000439e-01 4.304344919154476656e+01 2.447981668640515085e-01
6.971500000000000474e-01 4.296795273929196668e+01 1.624825606026689961e-01
6.981600000000000028e-01 4.290424251525289634e+01 2.174994482751622937e-01
6.991500000000000492e-01 4.321198366661723611e+01 1.569069867787919736e-01
6.991600000000000037e-01 4.290467237567962400e+01 1.733041401698182105e-01
6.999800000000000466e-01 4.347058434009190364e+01 2.157066642456834105e-01
7.006399999999999295e-01 4.316212854497815954e+01 1.743054502877061651e-01
7.011500000000000510e-01 4.305905939524464543e+01 1.809882316616193698e-01
7.019800000000000484e-01 4.310425181879038092e+01 2.628876518591164446e-01
7.019800000000000484e-01 4.317281172332580752e+01 1.652875600279706536e-01
7.156500000000000083e-01 4.324906763017778388e+01 1.947653524115621759e-01
7.186799999999999855e-01 4.331903685861349373e+01 1.516360362842553433e-01
7.196299999999999919e-01 4.301228780596731838e+01 2.062097354636778512e-01
7.201300000000000479e-01 4.369596581625989273e+01 1.938954937588803218e-01
7.206799999999999873e-01 4.300528499512544300e+01 2.034234008171134644e-01
7.266799999999999926e-01 4.300435670213193617e+01 1.634786377481779740e-01
7.276699999999999280e-01 4.349299163396050716e+01 1.984069870241468858e-01
7.301199999999999912e-01 4.349816068292830806e+01 1.917225664860555678e-01
7.336199999999999388e-01 4.343703813629122124e+01 1.564477468677641370e-01
7.340100000000000513e-01 4.342556766721719441e+01 2.410021421066626257e-01
7.349999999999999867e-01 4.346431759890556634e+01 1.348092170439395554e-01
7.350100000000000522e-01 4.336283533584051497e+01 1.788591275277837123e-01
7.356099999999999861e-01 4.331872624270626204e+01 1.926152447237756693e-01
7.360200000000000076e-01 4.329937525351351013e+01 2.113149781723955289e-01
7.366899999999999560e-01 4.346176770006319146e+01 1.406745712628973966e-01
7.399999999999999911e-01 4.318457146794259671e+01 1.269099188400969747e-01
7.420200000000000129e-01 4.340375384923660818e+01 2.156560861649863270e-01
7.427000000000000268e-01 4.363236304758829220e+01 1.993980378539367548e-01
7.456599999999999895e-01 4.344076677477752924e+01 1.534175348517893556e-01
7.461300000000000709e-01 4.338833323473334502e+01 1.653165221627892756e-01
7.490899999999999226e-01 4.328328263931865649e+01 1.833564902041921185e-01
7.506800000000000139e-01 4.357136020815350008e+01 1.921323306994426605e-01
7.566899999999999737e-01 4.344914479065029411e+01 1.590257054692731098e-01
7.590500000000000025e-01 4.346838547398875363e+01 1.524184782104847091e-01
7.607000000000000428e-01 4.327836723275733988e+01 1.507357704727049774e-01
7.610799999999999788e-01 4.364716641431225952e+01 1.610870028897427864e-01
7.615899999999999892e-01 4.333391430579592196e+01 1.552177744332136622e-01
7.655999999999999472e-01 4.349714494343770355e+01 1.556892417606303425e-01
7.665999999999999481e-01 4.334317570644397222e+01 1.600738267175493001e-01
7.666800000000000281e-01 4.330350337147993400e+01 1.812833969231600895e-01
7.670600000000000751e-01 4.372482654101229116e+01 1.792434029469424928e-01
7.685899999999999954e-01 4.385212006818656505e+01 1.695927106334467471e-01
7.730700000000000349e-01 4.340933668199131290e+01 1.769913769085940392e-01
7.765999999999999570e-01 4.348375419890793125e+01 1.791086192789169140e-01
7.880500000000000282e-01 4.335678346753874735e+01 1.392578992373502689e-01
7.890399999999999636e-01 4.355563274727951750e+01 1.171841606190870688e-01
7.965600000000000458e-01 4.364559653634523784e+01 1.598675858327759935e-01
7.985700000000000021e-01 4.322613715559457148e+01 1.753471913091281809e-01
8.006999999999999673e-01 4.370062817448576453e+01 1.617108530680609613e-01
8.056900000000000173e-01 4.378012280889954155e+01 1.567207388956547709e-01
8.056900000000000173e-01 4.358873086794655904e+01 1.315566417935635779e-01
8.060300000000000242e-01 4.347611943457444994e+01 1.847389238899047048e-01
8.080399999999999805e-01 4.342895267783209334e+01 1.646466747310737500e-01
8.090199999999999614e-01 4.374443942546832176e+01 1.679874102425535920e-01
8.107199999999999962e-01 4.383339614430772713e+01 1.717367243777521146e-01
8.136899999999999133e-01 4.369013055811052482e+01 1.425374950670875163e-01
8.177300000000000679e-01 4.357305133029664290e+01 1.226736422382575242e-01
8.221200000000000729e-01 4.361345748841792158e+01 1.865070575072160786e-01
8.226899999999999213e-01 4.361889150171708707e+01 1.478388565296687995e-01
8.285399999999999432e-01 4.365781638137328002e+01 1.540515984986848552e-01
8.369900000000000118e-01 4.381477737132894390e+01 1.441569457223619288e-01
8.381399999999999961e-01 4.385793080329208493e+01 1.818437791072325949e-01
8.399900000000000144e-01 4.367163243963560859e+01 1.530937376250250115e-01
8.405299999999998883e-01 4.370453764891296089e+01 1.469951359739498364e-01
8.421399999999999997e-01 4.367837289261518663e+01 1.868843358872005478e-01
8.479700000000001125e-01 4.366949996540988366e+01 1.708977837773211217e-01
8.485200000000000520e-01 4.372840013854525409e+01 1.498565730957437669e-01
8.507299999999998752e-01 4.359200947799450887e+01 1.318706563265687193e-01
8.529799999999999605e-01 4.367183055896126120e+01 1.520608102043389531e-01
8.540000000000000924e-01 4.344274732021394669e+01 2.154342997296391227e-01
8.585099999999999953e-01 4.396214166033418991e+01 1.664772732237046193e-01
8.585200000000000609e-01 4.381875555197915872e+01 1.490600214678637347e-01
8.585200000000000609e-01 4.373496872031639526e+01 1.794949929663777477e-01
8.639700000000001268e-01 4.380644252047136433e+01 1.540514767861704271e-01
8.645000000000000462e-01 4.364794664642411703e+01 1.475039236766262918e-01
8.665000000000000480e-01 4.375271193933356528e+01 1.749025085583394423e-01
8.721700000000001118e-01 4.383191184500477533e+01 1.345637023866391724e-01
8.779600000000000737e-01 4.357683804458307719e+01 1.445211662698581978e-01
8.907299999999999107e-01 4.380806208446226435e+01 1.421805630175939361e-01
8.931999999999999940e-01 4.412339113756335962e+01 1.589007709232400367e-01
8.969299999999998940e-01 4.393108592417944891e+01 1.676068838085118529e-01
9.017299999999999205e-01 4.392639142583109901e+01 1.524053640788276265e-01
9.107499999999999485e-01 4.407542259211547986e+01 1.649263093020637561e-01
9.134799999999999587e-01 4.390164480447582918e+01 1.388980651413114498e-01
9.222299999999998832e-01 4.372967403379368534e+01 1.721359346563058612e-01
9.222399999999999487e-01 4.397106788105750752e+01 1.884694736555498629e-01
9.249100000000000099e-01 4.387883427203054509e+01 1.935148056351244650e-01
9.262399999999999523e-01 4.395626986262160329e+01 1.114968721534375651e-01
9.278999999999999471e-01 4.396435844309215213e+01 1.842105724436032543e-01
9.318899999999999961e-01 4.357115491958185771e+01 1.539783669870543881e-01
9.322500000000000231e-01 4.370426076090060263e+01 2.113373902081692735e-01
9.338899999999999979e-01 4.388841580756692906e+01 2.021607281348185015e-01
9.350000000000000533e-01 4.414169013694029786e+01 1.673412979512230170e-01
9.367499999999999716e-01 4.420754529167305691e+01 1.423457235044313096e-01
9.468799999999999439e-01 4.383544103232828348e+01 1.659461358393138630e-01
9.484600000000000808e-01 4.405377291552023422e+01 1.529764606075065259e-01
9.507600000000000495e-01 4.406553579507582441e+01 1.469047055066651231e-01
9.588600000000000456e-01 4.409341503062631773e+01 1.742116026560802666e-01
9.607399999999999274e-01 4.406426851070921913e+01 1.446844238333898913e-01
9.607499999999999929e-01 4.382005885954568214e+01 1.596320299939833487e-01
9.699999999999999734e-01 4.449634799632612925e+01 2.629451701400883357e-01
9.751999999999999558e-01 4.426673503772428120e+01 1.421076792435932989e-01
9.832999999999999519e-01 4.442013769846773386e+01 1.452673741760344694e-01
9.834100000000000064e-01 4.411080025866568377e+01 1.551220809556137781e-01
9.837700000000000333e-01 4.406106342812684318e+01 1.461570901461848315e-01
9.963999999999999524e-01 4.424168122324425667e+01 1.432191328000557429e-01
9.978100000000000858e-01 4.410900593953848414e+01 9.885949625605017221e-02
1.002790000000000070e+00 4.415719913180367229e+01 1.931861084550335894e-01
1.014000000000000012e+00 4.414535447180900007e+01 2.307170019742801892e-01
1.020000000000000018e+00 4.421923458589430567e+01 1.679948511115742504e-01
1.028789999999999871e+00 4.402242774966988037e+01 1.626320156057840804e-01
1.060799999999999965e+00 4.439608860423604142e+01 1.670416789307387073e-01
1.092000000000000082e+00 4.430426211129861258e+01 2.662228812480249562e-01
1.120000000000000107e+00 4.456970175897328090e+01 1.689793922346745636e-01
1.205999999999999961e+00 4.470711677652943905e+01 3.384876585637945912e-01
1.229999999999999982e+00 4.469933567356871151e+01 1.780284457607828608e-01
1.229999999999999982e+00 4.457776022814099548e+01 1.979793107877689251e-01
1.300000000000000044e+00 4.486656845882255595e+01 1.858453456506242440e-01
1.304999999999999938e+00 4.485736817786370523e+01 2.404550581709604951e-01
1.314999999999999947e+00 4.469546452257348079e+01 2.051578538589249046e-01
1.330000000000000071e+00 4.503805860531758043e+01 1.570183906426250442e-01
1.340000000000000080e+00 4.489906740448724776e+01 1.711264152607656353e-01
1.370000000000000107e+00 4.500662096598901485e+01 1.703535881629735516e-01
1.389999999999999902e+00 4.499566588342636209e+01 2.079923375992490664e-01
1.540000000000000036e+00 4.497127974449929866e+01 2.183184657787792249e-01
1.550000000000000044e+00 4.548715026463645472e+01 1.944263549522029233e-01
1.699999999999999956e+00 4.574947575443654557e+01 2.895356454739209107e-01
1.800000000000000044e+00 4.561180032754862168e+01 1.973673035231519601e-01
1.914000000000000146e+00 4.633550852595422498e+01 2.628943894418441229e-01
2.259999999999999787e+00 4.606528058521359270e+01 2.618237766132022193e-01
