1.012000000000000052e-02 3.296829807352713715e+01 1.993942388836748847e-01
1.038000000000000034e-02 3.304740359850102749e+01 2.059078434640118360e-01
1.043000000000000003e-02 3.324737561172718614e+01 2.014823131195390971e-01
1.081999999999999976e-02 3.333790970071246562e+01 1.856793001387068986e-01
1.209000000000000005e-02 3.356707112613744926e+01 1.925849422981973091e-01
1.220000000000000077e-02 3.338706597091400852e+01 1.750048285048158292e-01
1.226000000000000006e-02 3.344615964392328777e+01 1.789260252171270826e-01
1.268000000000000030e-02 3.370949902998436443e+01 1.723252738283041485e-01
1.270999999999999908e-02 3.399635953074591299e+01 1.761959420645095309e-01
1.290999999999999960e-02 3.357512136821472382e+01 1.729206754555394354e-01
1.318000000000000074e-02 3.382038317540487071e+01 1.741611968838064628e-01
1.381999999999999895e-02 3.408019784511094485e+01 1.553216742763224301e-01
1.401999999999999948e-02 3.374061442831163760e+01 1.633442912990839824e-01
1.446999999999999849e-02 3.399766821028693187e+01 1.668330827503945735e-01
1.450999999999999859e-02 3.404357705166363246e+01 1.689114782955853378e-01
1.454000000000000084e-02 3.417600596668506796e+01 1.668728408100011995e-01
1.471999999999999871e-02 3.404274644298124741e+01 1.504386004322028902e-01
1.504000000000000128e-02 3.414132400216688978e+01 1.504584660296655052e-01
1.505999999999999873e-02 3.421940755286192370e+01 1.557605614396661009e-01
1.519999999999999997e-02 3.421311879908112985e+01 1.647321310491672297e-01
1.529999999999999936e-02 3.426139371522204868e+01 1.469791651901724561e-01
1.530999999999999896e-02 3.440150304759443856e+01 1.539162272146767652e-01
1.530999999999999896e-02 3.413267177309677436e+01 1.625457935475415339e-01
1.531999999999999855e-02 3.410709674734420105e+01 1.652748997882013682e-01
1.566999999999999990e-02 3.426945867510487176e+01 1.553575311982010043e-01
1.567999999999999949e-02 3.419386076509571382e+01 1.538210973826412420e-01
1.571999999999999786e-02 3.398397169787967442e+01 1.949421452636653507e-01
1.628999999999999893e-02 3.428160448080088685e+01 1.525392490475812046e-01
1.634999999999999995e-02 3.422678393914166151e+01 1.531922321790501196e-01
1.661999999999999936e-02 3.428920772056442701e+01 1.485355260535337341e-01
1.663000000000000242e-02 3.437419522060280030e+01 1.517061880741850111e-01
1.677999999999999978e-02 3.477238497452182742e+01 1.606548863246929082e-01
1.696999999999999897e-02 3.450693568723359306e+01 1.546059345562129650e-01
1.698000000000000204e-02 3.428149260946521792e+01 1.572825800907398652e-01
1.704999999999999918e-02 3.428066649705338875e+01 1.844777764393315811e-01
1.724000000000000185e-02 3.438112077662937338e+01 1.571551303648722753e-01
1.726000000000000104e-02 3.437309205044676474e+01 1.527070234141180705e-01
1.731999999999999859e-02 3.404613356076711739e+01 1.602485101334798767e-01
1.739999999999999880e-02 3.429076305605175889e+01 1.501798754827023963e-01
1.740999999999999839e-02 3.430420088474254214e+01 1.514687756602000057e-01
1.751999999999999738e-02 3.430925714916869396e+01 1.482443253551379569e-01
1.754000000000000004e-02 3.438443368788647092e+01 1.360113046772215839e-01
1.762999999999999984e-02 3.451753813553541050e+01 1.578751563736359442e-01
1.907999999999999974e-02 3.456357116978552568e+01 1.437532695280354378e-01
1.969999999999999876e-02 3.484405554203227240e+01 1.600993753891625793e-01
1.971999999999999795e-02 3.441933198652444759e+01 1.601376205018670562e-01
2.019999999999999921e-02 3.493917726009956937e+01 1.537653000517346935e-01
2.024000000000000105e-02 3.489951573102606375e+01 1.298368110360078043e-01
2.030999999999999819e-02 3.478795769550141159e+01 1.376025435811416842e-01
2.038000000000000228e-02 3.448878655561070872e+01 1.440094875346759895e-01
2.040000000000000147e-02 3.482794226830682760e+01 1.579562439411623942e-01
2.090999999999999803e-02 3.493577897881125693e+01 1.387537026532985884e-01
2.120000000000000009e-02 3.480771940038986401e+01 1.454249118961397080e-01
2.171000000000000013e-02 3.471495293945289262e+01 1.377387472717825911e-01
2.188999999999999974e-02 3.491564066008107403e+01 1.395928902200967991e-01
2.196999999999999995e-02 3.510038420765399536e+01 1.450058447097909153e-01
2.210000000000000159e-02 3.480579406381553298e+01 1.383730194076865372e-01
2.222999999999999976e-02 3.500460794752686411e+01 1.334749508334803492e-01
2.248999999999999957e-02 3.502442946152144998e+01 1.403631896189310724e-01
2.274999999999999939e-02 3.500903306901842171e+01 1.374545834084844320e-01
2.348000000000000087e-02 3.510330204795779707e+01 1.399363873336738617e-01
2.349000000000000046e-02 3.508260400275965196e+01 1.348217156099120462e-01
2.384000000000000008e-02 3.483508371561141814e+01 1.344481498571103439e-01
2.398000000000000131e-02 3.510100242681716054e+01 1.361597866478939656e-01
2.401000000000000009e-02 3.527225600720615972e+01 1.273176833750912784e-01
2.414000000000000173e-02 3.518581020821680738e+01 1.300242285114585616e-01
2.453999999999999931e-02 3.505332998461590677e+01 1.286744924217694264e-01
2.477000000000000035e-02 3.523984555041200650e+01 1.724324650406645620e-01
2.481999999999999831e-02 3.516925084867641260e+01 1.356503685951497840e-01
2.525000000000000161e-02 3.520486318383214552e+01 1.337341485933940810e-01
2.528999999999999998e-02 3.538145830894174537e+01 1.412408227107163350e-01
2.546999999999999958e-02 3.533478184896026875e+01 1.250325557604898274e-01
2.556999999999999898e-02 3.525572183334264054e+01 1.502910509644536374e-01
2.559000000000000163e-02 3.480030854549234220e+01 1.267203022408011914e-01
2.580000000000000002e-02 3.562892857541498159e+01 1.383529725014970568e-01
2.626999999999999821e-02 3.534826600602085023e+01 1.369827726394819145e-01
2.638999999999999679e-02 3.531642174616729335e+01 1.406714612137088538e-01
2.643000000000000210e-02 3.527947008234045256e+01 1.432570068094402016e-01
2.651000000000000231e-02 3.548067457882485343e+01 1.256598583478431286e-01
2.673000000000000029e-02 3.529013361039463348e+01 1.623069853703160703e-01
2.688999999999999724e-02 3.537793040306536341e+01 1.268349715181109061e-01
2.751000000000000320e-02 3.542948268227130626e+01 1.298928212027131157e-01
2.751999999999999932e-02 3.538422393202741034e+01 1.348631157878239228e-01
2.751999999999999932e-02 3.535652153647836116e+01 1.432681140379812590e-01
2.763000000000000178e-02 3.521910720740375211e+01 1.187635676459746770e-01
2.811000000000000304e-02 3.559629459196651169e+01 1.256527456922450214e-01
2.836999999999999938e-02 3.555833365046722605e+01 1.223685519240952785e-01
2.844999999999999959e-02 3.555715254898566258e+01 1.371285163633005899e-01
2.846000000000000266e-02 3.564065099784497193e+01 1.347910512608311295e-01
2.878000000000000003e-02 3.573330503043876405e+01 1.223614216164555651e-01
2.879999999999999921e-02 3.547059457767544188e+01 1.367751713579624662e-01
2.893999999999999698e-02 3.548641903655813934e+01 1.323478938253268844e-01
2.931999999999999884e-02 3.584513471920777050e+01 1.463729995593449629e-01
2.949999999999999845e-02 3.569810824722931386e+01 1.281185876444163596e-01
2.989999999999999949e-02 3.557364080785846028e+01 1.237954159086676470e-01
3.001000000000000195e-02 3.545744570223133962e+01 1.210638777670697275e-01
3.048000000000000015e-02 3.568016454007758398e+01 1.349330574766613722e-01
3.048999999999999627e-02 3.567263610356449988e+01 1.425935833058416258e-01
3.055000000000000077e-02 3.633765311360801320e+01 4.510689719987398538e-01
3.143999999999999573e-02 3.578277702050908005e+01 1.215821018900397205e-01
3.155000000000000165e-02 3.572752694740146495e+01 1.418650150671404986e-01
3.160999999999999921e-02 3.567982958816888583e+01 1.270505312857840852e-01
3.162999999999999839e-02 3.572741346007835972e+01 1.202963528125437359e-01
3.184000000000000025e-02 3.586387314896049361e+01 1.220902227862657313e-01
3.191000000000000086e-02 3.553795430040234749e+01 1.285499222092335581e-01
3.211999999999999578e-02 3.595246467777817401e+01 1.438207043509382999e-01
3.219999999999999946e-02 3.572075894112560235e+01 1.297023901090492426e-01
3.273000000000000215e-02 3.574899554352068520e+01 1.213799612786229110e-01
3.280000000000000276e-02 3.565100129443513310e+01 1.260999306106073969e-01
3.291999999999999788e-02 3.584723519410988501e+01 1.194015494036823610e-01
3.313999999999999585e-02 3.594346878497830744e+01 1.230129363115928520e-01
3.348000000000000281e-02 3.576927261259135804e+01 1.530326517446521928e-01
3.358999999999999486e-02 3.598669244534698208e+01 1.070749503852324869e-01
3.378000000000000447e-02 3.589462388574252572e+01 1.410363782858876369e-01
3.398999999999999938e-02 3.597256384772616400e+01 1.119784019353732285e-01
3.407999999999999918e-02 3.580015974769828802e+01 1.253790752079468884e-01
3.411000000000000143e-02 3.598147187203916531e+01 1.156993301622788045e-01
3.416000000000000286e-02 3.583701999664639715e+01 1.569622247548753402e-01
3.426000000000000573e-02 3.586934706408103324e+01 1.211113021150379554e-01
3.433999999999999553e-02 3.603110778537086389e+01 1.257312411455482337e-01
3.438000000000000084e-02 3.591141967347362396e+01 1.219085825526652622e-01
3.488999999999999740e-02 3.619053128995071233e+01 1.673407153086181598e-01
3.500999999999999945e-02 3.602038251980746963e+01 1.257115448158998838e-01
3.506999999999999701e-02 3.599980104688182081e+01 1.684947847857612424e-01
3.518000000000000294e-02 3.599883623800945287e+01 1.530665459857248056e-01
3.577999999999999931e-02 3.600631075350622012e+01 1.767597239192231773e-01
3.681999999999999856e-02 3.609203119639387580e+01 1.276110007013501746e-01
3.700000000000000511e-02 3.601857079518122617e+01 1.283364620830728664e-01
3.713000000000000328e-02 3.618881869210247970e+01 1.188993902423389204e-01
3.729999999999999982e-02 3.625066619045963989e+01 1.163126067973717093e-01
3.742999999999999799e-02 3.610343335908011397e+01 1.178743186618696759e-01
3.790999999999999925e-02 3.616937878874724532e+01 2.009119832165319197e-01
3.799999999999999906e-02 3.628838686714834694e+01 1.330993895553244100e-01
3.826999999999999846e-02 3.602165289129103343e+01 1.215400962645661193e-01
3.837000000000000133e-02 3.605314195096309504e+01 1.666173385335391888e-01
3.862999999999999767e-02 3.617638466783571261e+01 1.289516769956870201e-01
3.984000000000000041e-02 3.643681985603604545e+01 1.164759631855431243e-01
4.028000000000000330e-02 3.655801275123177874e+01 1.151510855354824781e-01
4.066999999999999782e-02 3.627555278002403583e+01 1.144429115323443574e-01
4.093000000000000110e-02 3.625025045006431412e+01 1.311850601250005299e-01
4.093000000000000110e-02 3.634710544095958795e+01 1.182989961918527871e-01
4.150000000000000216e-02 3.615677903430320583e+01 1.273783144809194079e-01
4.268999999999999878e-02 3.643755041266621220e+01 1.185782020440519224e-01
4.309999999999999942e-02 3.638334235995794330e+01 1.086070094423007282e-01
4.341000000000000414e-02 3.642127634382891443e+01 1.224871421823531537e-01
4.436999999999999972e-02 3.676497470613172425e+01 1.991188526985830098e-01
4.436999999999999972e-02 3.659715189187725315e+01 1.217066863405622396e-01
4.486000000000000404e-02 3.648103348480591990e+01 1.494708750894300497e-01
4.581999999999999962e-02 3.645007754019621160e+01 1.263868466257466183e-01
4.596999999999999698e-02 3.636904567280547695e+01 1.050828720581998554e-01
4.651000000000000273e-02 3.663189895601598778e+01 1.187494526303174286e-01
4.710000000000000298e-02 3.669564972018628168e+01 1.468834316728745426e-01
4.712999999999999828e-02 3.658906961811373293e+01 1.179092447605360611e-01
4.713999999999999441e-02 3.667540475502728015e+01 1.257841901830273612e-01
4.818999999999999673e-02 3.656358469939177525e+01 1.242520321765402808e-01
4.948999999999999927e-02 3.683327862513095141e+01 1.274645538963675995e-01
4.976000000000000562e-02 3.682673671516744918e+01 1.370535388087443796e-01
5.034999999999999892e-02 3.647061953354601371e+01 1.647374805561867273e-01
5.066999999999999976e-02 3.683532968093395965e+01 1.593807704837694739e-01
5.091999999999999998e-02 3.675733733639379608e+01 1.241286832283336472e-01
5.322000000000000342e-02 3.700841712395060767e+01 1.294680559056943514e-01
5.343999999999999445e-02 3.679292622186105888e+01 1.410960842830161766e-01
5.358999999999999875e-02 3.698792870109258502e+01 1.451584995789085841e-01
5.417999999999999206e-02 3.704910722443106863e+01 1.154477912304951864e-01
5.457999999999999657e-02 3.682913686464469549e+01 1.036086145067098147e-01
5.494999999999999885e-02 3.703015454043394783e+01 1.181140550484996304e-01
5.572999999999999482e-02 3.703710628876945066e+01 1.109736793118079878e-01
5.581000000000000544e-02 3.703496987848307498e+01 1.244848484756277546e-01
5.683999999999999470e-02 3.727848518917596010e+01 1.218146953368106633e-01
5.714999999999999941e-02 3.700822569125767103e+01 1.088376313597461675e-01
5.721000000000000391e-02 3.700602956185738890e+01 1.109941665133803296e-01
5.890000000000000097e-02 3.725019488151946945e+01 1.152169366890128666e-01
5.895000000000000240e-02 3.721410868805205041e+01 1.018772423066113403e-01
5.947999999999999815e-02 3.709936912913283180e+01 1.273262443489165396e-01
6.118999999999999440e-02 3.711011644868388970e+01 1.200201337276375485e-01
6.441000000000000891e-02 3.767320520964836561e+01 1.094000914076400516e-01
6.454999999999999627e-02 3.738299505908928211e+01 1.144565201288244710e-01
6.481000000000000649e-02 3.725659619465156425e+01 1.117729394800011516e-01
6.558999999999999553e-02 3.714645677975669713e+01 1.275188515475260964e-01
6.640999999999999681e-02 3.725059434248168344e+01 1.142920163440999115e-01
6.844999999999999696e-02 3.762139596718518675e+01 1.258002782190882074e-01
6.876999999999999780e-02 3.743445381024762497e+01 1.117279396570079048e-01
6.887999999999999678e-02 3.750272966033728750e+01 1.519276225707491268e-01
7.059999999999999609e-02 3.770151352119587074e+01 3.003249365270889704e-01
7.062999999999999834e-02 3.754727619298841290e+01 1.243022324819630792e-01
7.141000000000000125e-02 3.765015435365226182e+01 1.208343907999705202e-01
7.180000000000000271e-02 3.746668963920843964e+01 1.270532959037269649e-01
7.368999999999999162e-02 3.758677445017593755e+01 1.576433950408325790e-01
7.514999999999999458e-02 3.783924148144955524e+01 1.260232518228283083e-01
7.522999999999999132e-02 3.763917847550358431e+01 1.033480648101356564e-01
7.549999999999999767e-02 3.770168117923879691e+01 1.209414010998715178e-01
7.877000000000000668e-02 3.807942341815886067e+01 1.143199129635777828e-01
7.882999999999999730e-02 3.765916373080003154e+01 1.241635514150590119e-01
7.975999999999999757e-02 3.803395588032522312e+01 1.061824726590975682e-01
8.161999999999999811e-02 3.772868578641034532e+01 1.076740103274694549e-01
8.222999999999999754e-02 3.805574963019414270e+01 1.248112374748363840e-01
8.286000000000000310e-02 3.781598575422145103e+01 1.079445227883286257e-01
8.327999999999999292e-02 3.784328397268914301e+01 1.180211951303663104e-01
8.533999999999999919e-02 3.777704458368660312e+01 1.067774554856969760e-01
8.575000000000000677e-02 3.785742432090032850e+01 1.013182979525416166e-01
8.797999999999998877e-02 3.804832280239320852e+01 1.070004439243127659e-01
8.832999999999999186e-02 3.801087417725015882e+01 1.164919632421052564e-01
8.859000000000000208e-02 3.813064986394712719e+01 1.064128399207539266e-01
8.959999999999999909e-02 3.826683771034117143e+01 1.171725117081647283e-01
9.120999999999999941e-02 3.808495336508449469e+01 1.106399792118563236e-01
9.201000000000000845e-02 3.802851182640471706e+01 1.142322852787249488e-01
9.278000000000000136e-02 3.809035639111564109e+01 1.093526862953078105e-01
9.389999999999999736e-02 3.832055346246611549e+01 1.497164236147791594e-01
9.400000000000000022e-02 3.820730436083574233e+01 1.032381833431797596e-01
9.640999999999999570e-02 3.855887363732366424e+01 1.482532546017118757e-01
9.929000000000000326e-02 3.823075454375074145e+01 1.101431454971211477e-01
1.003600000000000048e-01 3.856296796991448872e+01 1.119356176558650023e-01
1.004400000000000015e-01 3.821996369580492114e+01 1.098400314093181673e-01
1.022699999999999998e-01 3.828252967713976318e+01 1.110036035451101993e-01
1.024200000000000110e-01 3.843430678382121357e+01 1.081101521597301329e-01
1.028000000000000025e-01 3.878691996698705680e+01 1.445996196398870171e-01
1.029299999999999937e-01 3.840004684403847079e+01 1.235984526602173922e-01
1.029800000000000021e-01 3.840184682309831743e+01 1.034157628217284991e-01
1.034000000000000058e-01 3.852626553418737387e+01 1.011189893145693908e-01
1.035999999999999976e-01 3.841750368785363889e+01 1.059480651073911872e-01
1.058800000000000019e-01 3.861136159639293908e+01 1.006008573522114702e-01
1.064299999999999968e-01 3.855653519009133134e+01 1.029122563157566783e-01
1.068900000000000128e-01 3.848448361543755425e+01 1.050246994758851915e-01
1.072000000000000036e-01 3.845494087905953506e+01 1.115525436733739439e-01
1.075699999999999990e-01 3.844500823932876443e+01 1.090948784315744075e-01
1.090200000000000058e-01 3.828636848094397038e+01 1.032526634039044877e-01
1.098900000000000154e-01 3.869443276047751823e+01 1.211627933814667379e-01
1.122900000000000148e-01 3.861888694462797389e+01 1.028899897949261122e-01
1.137599999999999861e-01 3.839980368134503408e+01 1.069962265689776565e-01
1.163900000000000073e-01 3.862207144101099487e+01 1.020741274760651601e-01
1.165900000000000131e-01 3.873553792800695561e+01 1.038192178741489113e-01
1.176200000000000023e-01 3.884607462404239442e+01 1.061616573909808514e-01
1.178200000000000081e-01 3.874531547867839265e+01 9.932630567981474978e-02
1.178700000000000025e-01 3.864533487322372451e+01 1.138474527602616193e-01
1.187000000000000000e-01 3.877887007030855671e+01 1.245825830523673156e-01
1.187000000000000000e-01 3.882319556558888962e+01 1.340696460799385981e-01
1.194400000000000045e-01 3.880255042071212301e+01 1.246867474914635787e-01
1.198099999999999860e-01 3.887660446767391420e+01 1.421645173733586676e-01
1.200500000000000039e-01 3.860263911719540175e+01 1.023297366360336053e-01
1.202900000000000080e-01 3.873058881635725470e+01 1.131591688728756928e-01
1.206799999999999956e-01 3.904069721493450373e+01 1.917254547523619679e-01
1.217499999999999971e-01 3.878146374797187690e+01 9.831407579792426910e-02
1.218000000000000055e-01 3.877016919782504090e+01 1.346435572168233896e-01
1.221099999999999963e-01 3.864477292123982721e+01 1.151831042297436908e-01
1.228999999999999954e-01 3.877496045745743913e+01 1.169005025652156970e-01
1.229099999999999915e-01 3.872200524851135128e+01 1.035831067307792369e-01
1.234700000000000103e-01 3.874344257481113374e+01 1.031548229604413447e-01
1.236499999999999960e-01 3.869962514476525683e+01 1.085964087804011935e-01
1.236799999999999983e-01 3.889600915956814475e+01 1.025152915422865019e-01
1.243999999999999967e-01 3.893305913112029515e+01 1.009533803297343602e-01
1.253100000000000047e-01 3.879093920300846321e+01 1.039412213705419169e-01
1.262000000000000066e-01 3.909397349429422519e+01 1.134087518668643185e-01
1.263099999999999778e-01 3.892769658933185184e+01 1.351983265428977066e-01
1.267199999999999993e-01 3.881296750408022689e+01 1.101545505188051693e-01
1.267900000000000138e-01 3.890317124085674294e+01 1.200711976287402727e-01
1.268700000000000105e-01 3.912762426324125187e+01 1.041416943399712525e-01
1.278299999999999992e-01 3.893267334403642366e+01 1.324440259128361053e-01
1.289099999999999968e-01 3.904500983223261557e+01 1.283716382227787778e-01
1.291299999999999948e-01 3.887787315391854293e+01 1.147628642026679302e-01
1.292400000000000215e-01 3.894643349113305675e+01 1.092318291524956575e-01
1.294099999999999973e-01 3.899680388072295756e+01 1.079804148908495298e-01
1.299500000000000099e-01 3.877419474286251244e+01 1.220561243854645650e-01
1.322599999999999887e-01 3.904451622427936286e+01 1.336146698532762189e-01
1.326900000000000024e-01 3.894268085700870330e+01 9.981159752253242201e-02
1.336600000000000010e-01 3.904557363588246233e+01 1.013874005979046589e-01
1.352299999999999891e-01 3.898313244790615784e+01 1.219091670056029891e-01
1.352700000000000014e-01 3.901104421213376838e+01 1.138309931433438837e-01
1.365299999999999847e-01 3.920521349200314631e+01 1.108397942978964629e-01
1.365900000000000170e-01 3.921451789480330063e+01 1.233554315788324002e-01
1.367200000000000082e-01 3.907457373586478155e+01 1.141307583432266404e-01
1.367900000000000227e-01 3.905134248477691727e+01 1.110901773335518650e-01
1.371199999999999919e-01 3.896335873006632511e+01 1.144821055886028061e-01
1.379599999999999993e-01 3.903389398784074871e+01 1.051205141730195275e-01
1.380599999999999883e-01 3.911515850694953400e+01 1.028301633763167716e-01
1.381599999999999773e-01 3.915387290435980816e+01 1.172345512210457574e-01
1.382299999999999918e-01 3.909488643326491797e+01 1.041776607531576387e-01
1.384700000000000097e-01 3.941487530971193110e+01 1.336471193105186195e-01
1.385500000000000065e-01 3.912203290468755768e+01 1.311039663778331421e-01
1.388000000000000067e-01 3.911422938107998704e+01 1.075749738554465096e-01
1.394700000000000106e-01 3.912267204886826732e+01 1.132689057067295946e-01
1.405500000000000083e-01 3.916320828858579972e+01 1.166991323875203462e-01
1.413500000000000034e-01 3.909846490929650287e+01 1.325510373403392117e-01
1.416700000000000181e-01 3.916683630643536418e+01 1.050776141716207868e-01
1.434300000000000019e-01 3.903950408303676767e+01 1.085104948841355138e-01
1.439300000000000024e-01 3.904265296154247267e+01 1.133458865596806836e-01
1.440599999999999936e-01 3.935628218066620576e+01 1.052230844444316804e-01
1.446199999999999986e-01 3.868240475581036009e+01 1.399322782634514206e-01
1.451900000000000135e-01 3.926507375261002863e+01 1.401847709275155229e-01
1.453900000000000192e-01 3.907483135657255247e+01 1.726322246858911225e-01
1.456599999999999839e-01 3.899007569158099074e+01 1.278658378926912642e-01
1.464799999999999991e-01 3.906050290310136575e+01 1.113222012897696761e-01
1.471099999999999908e-01 3.926564608060176198e+01 1.037590839396724807e-01
1.472299999999999998e-01 3.935352529759192208e+01 1.221490482975614578e-01
1.476099999999999912e-01 3.929643800737768089e+01 1.140302043320102071e-01
1.477400000000000102e-01 3.939770955419862020e+01 1.027247292525027833e-01
1.486400000000000221e-01 3.932121462608706253e+01 1.067273863635758713e-01
1.494900000000000118e-01 3.929292838163495816e+01 1.670360065973800767e-01
1.506200000000000039e-01 3.928048647779618818e+01 1.164900532234404984e-01
1.506900000000000184e-01 3.925184461537099168e+01 1.104662844491476476e-01
1.517099999999999838e-01 3.934453861103891370e+01 1.037815373753925297e-01
1.525299999999999989e-01 3.919669119178846017e+01 1.140338217372372370e-01
1.526900000000000202e-01 3.952881918998872379e+01 1.163229448561202695e-01
1.528599999999999959e-01 3.928929946005469276e+01 1.029830447209636596e-01
1.529800000000000049e-01 3.925635968989103475e+01 1.100975022423306415e-01
1.533299999999999941e-01 3.952037078708580964e+01 1.051684006724453307e-01
1.535200000000000176e-01 3.937919747863959685e+01 1.054657171786168579e-01
1.547400000000000164e-01 3.928104654566648435e+01 1.050132610673528283e-01
1.549000000000000099e-01 3.953486851406623970e+01 1.068043772511220596e-01
1.549900000000000166e-01 3.933195386314606168e+01 1.184046768501987867e-01
1.562500000000000000e-01 3.956639940598290650e+01 1.263772625910214997e-01
1.567000000000000060e-01 3.928647987871751468e+01 1.551990254479711506e-01
1.567999999999999949e-01 3.939745028593810616e+01 1.108895170879556080e-01
1.567999999999999949e-01 3.940549628004205829e+01 1.258810053185150102e-01
1.581899999999999973e-01 3.923862806867987274e+01 1.241960647524711220e-01
1.588099999999999790e-01 3.957279268358424673e+01 1.249492496976272321e-01
1.593299999999999994e-01 3.953609041482071262e+01 1.059371275804663198e-01
1.594799999999999829e-01 3.965822488217583697e+01 1.778207383856000023e-01
1.601799999999999891e-01 3.947898945087842293e+01 1.109752111960144033e-01
1.603099999999999803e-01 3.947020795071394872e+01 1.294517863916910261e-01
1.603999999999999870e-01 3.941496665336955374e+01 1.100831617460181766e-01
1.604599999999999915e-01 3.950493911456619855e+01 1.673509187306720103e-01
1.605300000000000060e-01 3.954525397138646525e+01 1.161075148300057258e-01
1.613900000000000057e-01 3.952201515469103299e+01 1.206531702857409349e-01
1.616299999999999959e-01 3.960853680112750652e+01 1.303697434223140550e-01
1.626700000000000090e-01 3.937973476766308778e+01 1.307882257697534634e-01
1.638199999999999934e-01 3.952686282804254603e+01 1.196938699349302665e-01
1.644799999999999873e-01 3.942628919256395648e+01 1.088828498892272650e-01
1.650299999999999823e-01 3.947734903940277462e+01 1.163839443394147910e-01
1.651400000000000090e-01 3.953044027901115243e+01 1.072274335233292797e-01
1.657599999999999907e-01 3.972450550998435403e+01 1.220459442177412174e-01
1.679900000000000004e-01 3.983334315141832604e+01 1.223617995944812770e-01
1.693999999999999950e-01 3.965344469917561554e+01 1.148757372119979109e-01
1.694099999999999773e-01 3.973096396711326861e+01 1.321133604144562046e-01
1.700800000000000090e-01 3.959907142754848763e+01 1.075018604490173418e-01
1.704299999999999982e-01 3.972430349369786029e+01 1.429248491340816551e-01
1.714400000000000091e-01 3.948678220574752373e+01 1.734544536758857447e-01
1.715700000000000003e-01 3.953638021425505400e+01 1.163039014822804529e-01
1.728099999999999914e-01 3.958411526376816880e+01 1.311983422151362377e-01
1.733099999999999918e-01 3.975455252375568449e+01 9.977348094558995129e-02
1.735399999999999998e-01 3.964297473117530757e+01 1.287052252241532024e-01
1.735900000000000221e-01 3.964207438997097910e+01 1.087797315679717991e-01
1.736499999999999988e-01 3.940971132284824563e+01 1.376787020566362096e-01
1.737100000000000033e-01 3.972461627698672260e+01 1.270604678883247296e-01
1.741999999999999937e-01 3.962905956367058025e+01 1.119662449133666388e-01
1.742400000000000060e-01 3.958249131066673243e+01 1.109207036580637656e-01
1.746099999999999874e-01 3.939164972458875269e+01 1.320954957596965074e-01
1.753699999999999981e-01 3.964332583567620105e+01 1.253189331266429118e-01
1.767499999999999905e-01 3.968004060800101485e+01 1.294121130342905657e-01
1.768500000000000072e-01 3.973227047512810373e+01 1.065018779177156066e-01
1.770799999999999874e-01 3.962826752991779244e+01 1.277197322264652934e-01
1.774599999999999789e-01 3.978621985725681753e+01 1.294667621438027605e-01
1.774799999999999989e-01 3.971662333499265429e+01 1.215940068424426895e-01
1.776999999999999968e-01 3.978514851658739104e+01 1.108392642523397392e-01
1.777200000000000168e-01 3.978762689022484267e+01 1.228414628698307198e-01
1.781800000000000050e-01 3.998184022457338926e+01 1.290071703433572636e-01
1.783099999999999963e-01 3.947240853779766212e+01 1.138553029068035960e-01
1.786999999999999977e-01 3.978085212511289370e+01 1.156302944733775262e-01
1.789300000000000057e-01 3.955060021001542481e+01 1.228950772000245717e-01
1.791999999999999982e-01 3.994991435975866523e+01 1.494656064116424155e-01
1.796699999999999964e-01 3.973332189690678717e+01 1.701638328200208439e-01
1.797199999999999909e-01 3.959566953584943860e+01 1.136433566030148612e-01
1.800400000000000056e-01 3.977698381183673604e+01 1.436507657480460554e-01
1.804599999999999815e-01 3.972459333610344601e+01 1.060404286109783711e-01
1.805799999999999905e-01 3.988464948271900568e+01 1.120648026813057807e-01
1.806000000000000105e-01 3.971615639747998472e+01 1.145561216173103386e-01
1.807099999999999818e-01 3.969186147012626265e+01 1.644950227210537907e-01
1.812199999999999922e-01 3.964880696491784562e+01 1.057123573665822713e-01
1.814099999999999879e-01 4.008787220479080560e+01 1.595353565827963838e-01
1.815200000000000147e-01 3.967894898749513288e+01 1.260447638737920706e-01
1.821200000000000041e-01 3.984086239195658408e+01 1.379039792754364335e-01
1.822300000000000031e-01 3.961715928552371224e+01 1.265239601814612813e-01
1.826099999999999945e-01 3.992336683128636565e+01 1.378425732493412381e-01
1.835299999999999987e-01 3.993797814263604096e+01 1.249466085974325347e-01
1.835600000000000009e-01 3.959442276181135156e+01 1.286389132416781433e-01
1.836500000000000077e-01 3.991707128926906023e+01 1.416652833265793499e-01
1.844599999999999851e-01 3.975358935196977939e+01 1.308686841838030968e-01
1.845999999999999863e-01 3.970474421130462872e+01 1.084612834148665217e-01
1.845999999999999863e-01 3.979620897580495154e+01 1.120528892978668312e-01
1.847799999999999998e-01 3.959569769754830304e+01 1.058643471618277987e-01
1.848400000000000043e-01 3.979993999041178654e+01 1.237251793290274487e-01
1.853799999999999892e-01 3.980146903634927469e+01 1.043080893315566499e-01
1.854200000000000015e-01 3.980276336438593177e+01 1.285089101969197900e-01
1.854200000000000015e-01 4.001376755593603463e+01 1.171292448537085140e-01
1.856200000000000072e-01 4.004713947371422478e+01 1.300041345496365242e-01
1.862800000000000011e-01 3.985794935733411393e+01 1.140751835413820470e-01
1.890499999999999958e-01 3.988820710560638361e+01 1.189073168480392628e-01
1.890999999999999903e-01 4.007037658686525106e+01 1.305389692773770705e-01
1.891400000000000026e-01 3.977478647456186422e+01 1.290413015278441822e-01
1.895900000000000085e-01 4.000631760208223398e+01 1.606551430860524987e-01
1.898799999999999932e-01 3.998212991373144831e+01 1.187118570320589289e-01
1.900499999999999967e-01 3.994131446813904063e+01 1.553627690278465701e-01
1.902400000000000202e-01 3.991637649719793757e+01 1.184651108976815942e-01
1.907000000000000084e-01 3.990952594228174632e+01 1.194674328007428038e-01
1.914099999999999968e-01 3.991937209777432116e+01 1.553170064738565725e-01
1.918999999999999873e-01 3.992174165675975672e+01 1.405849565209592311e-01
1.935800000000000021e-01 3.995558066450917067e+01 1.362961114632401938e-01
1.957000000000000128e-01 3.989865727445847199e+01 1.294722460606905490e-01
1.958199999999999941e-01 4.004699097478743397e+01 1.153508127409599154e-01
1.958999999999999908e-01 3.986707673331799384e+01 1.195927986962425776e-01
1.960199999999999998e-01 3.976308978901743529e+01 1.092672412024756901e-01
1.963000000000000023e-01 4.006603803212833270e+01 1.371156993199538765e-01
1.965000000000000080e-01 4.000314871065261002e+01 1.386653976304110247e-01
1.969400000000000039e-01 3.996600341888468222e+01 1.169612542682404721e-01
1.973099999999999854e-01 3.992955080308492199e+01 1.124771532356682591e-01
1.977700000000000014e-01 4.014123935642999896e+01 1.292474371119211041e-01
1.983999999999999930e-01 3.974455823635053520e+01 1.319515441364745856e-01
1.984499999999999875e-01 3.991367026383351657e+01 1.391891967790603868e-01
1.985999999999999988e-01 4.001433952496171997e+01 1.225741816207638474e-01
1.993999999999999939e-01 4.011702190619564590e+01 1.416994266043444528e-01
1.995800000000000074e-01 4.007489544534709580e+01 1.531834276284481100e-01
1.998000000000000054e-01 3.999136844635997079e+01 1.362163995266355565e-01
2.007200000000000095e-01 4.012123637240527785e+01 1.609398956132381819e-01
2.007299999999999918e-01 3.986417537079802287e+01 2.116325057735696791e-01
2.019200000000000161e-01 4.008686333138400926e+01 1.151151923075316857e-01
2.024400000000000088e-01 3.981618698723257666e+01 1.379661643302443896e-01
2.028400000000000203e-01 3.981622642383440080e+01 1.167846522450617236e-01
2.029099999999999793e-01 4.000333622822858359e+01 1.212722556894197390e-01
2.029900000000000038e-01 3.991843492367952706e+01 1.385276687163975728e-01
2.031099999999999850e-01 3.989518469282816682e+01 1.259137502419811205e-01
2.031400000000000150e-01 4.005172088869328917e+01 1.207302468315210597e-01
2.032400000000000040e-01 3.988294991460683292e+01 1.199355764566961136e-01
2.043099999999999916e-01 4.002425816795860669e+01 1.247508817604108117e-01
2.049300000000000288e-01 4.015068714325326482e+01 1.571329055290456855e-01
2.053199999999999747e-01 4.006772974566207068e+01 1.354974354000842429e-01
2.056199999999999695e-01 4.012937386291130082e+01 1.214036140318730389e-01
2.058400000000000230e-01 4.003267889842523886e+01 1.580039319131014697e-01
2.071000000000000063e-01 4.004009596380704750e+01 1.860639742131721674e-01
2.082400000000000084e-01 4.017155491580240323e+01 1.212072708215146677e-01
2.082699999999999829e-01 4.007639395329911736e+01 1.323181582399029499e-01
2.086099999999999899e-01 3.999421782865169916e+01 1.132312125696797456e-01
2.088000000000000134e-01 4.000667362829016582e+01 1.614840626811203106e-01
2.098199999999999787e-01 4.012688343189829254e+01 1.587241632518502366e-01
2.102800000000000225e-01 4.011758230059609076e+01 1.338764168925953846e-01
2.103699999999999737e-01 4.008606757939431731e+01 1.207158647403066137e-01
2.105300000000000227e-01 4.023957881168402650e+01 1.510796561420497675e-01
2.107300000000000284e-01 4.032752532691935698e+01 1.626034593727944122e-01
2.107499999999999929e-01 4.011791489487513473e+01 1.273373766810043939e-01
2.107499999999999929e-01 4.019231213944028269e+01 1.057169215404989010e-01
2.107900000000000051e-01 3.997956861917866433e+01 1.234987449328939502e-01
2.113900000000000223e-01 4.024598397212694323e+01 1.279744310399542340e-01
2.115400000000000058e-01 4.019862302431848633e+01 1.820612396969766567e-01
2.119800000000000295e-01 4.009458184275966630e+01 1.233284537322997532e-01
2.123099999999999987e-01 4.005672390722061493e+01 1.306519996019961383e-01
2.131099999999999939e-01 4.026179845070387131e+01 1.432100729697460828e-01
2.131300000000000139e-01 4.026946916285673694e+01 1.236090712690618015e-01
2.132699999999999874e-01 4.012946261889709376e+01 1.367225840890962663e-01
2.143199999999999827e-01 4.024289775102803191e+01 1.311218517257897731e-01
2.143400000000000027e-01 4.007510026003824777e+01 1.736926380132445269e-01
2.149000000000000077e-01 4.000721085880074668e+01 1.485773367643934972e-01
2.164099999999999913e-01 4.029876886769741162e+01 1.158855146254267610e-01
2.165099999999999802e-01 4.006171846649470325e+01 1.365336130775129109e-01
2.173100000000000032e-01 4.028378680685227664e+01 1.397192452742284097e-01
2.173499999999999877e-01 3.996968555752453511e+01 1.568893957538239903e-01
2.179099999999999926e-01 3.982472013079115669e+01 1.425085874605456771e-01
2.184000000000000108e-01 4.016194789805890508e+01 1.417558111683609179e-01
2.185999999999999888e-01 4.034415241054706769e+01 1.687134997562435845e-01
2.186099999999999988e-01 4.020830787637265757e+01 1.346175972895074235e-01
2.191099999999999992e-01 4.025310923089750048e+01 1.263807145097700368e-01
2.192900000000000127e-01 4.023245004933675517e+01 1.536296195399832476e-01
2.194599999999999884e-01 4.013400173015763528e+01 1.026422914787077367e-01
2.195000000000000007e-01 4.029128861524180394e+01 1.348600200207607791e-01
2.198599999999999999e-01 4.028709181223434399e+01 1.085698968406988846e-01
2.204300000000000148e-01 4.002557789516710329e+01 1.546709976045929635e-01
2.214599999999999902e-01 4.006548896330225773e+01 1.493732824169034523e-01
2.214599999999999902e-01 4.027543283850798161e+01 1.199781021686874283e-01
2.222999999999999976e-01 4.018639044993352627e+01 1.394310582330923753e-01
2.225900000000000101e-01 4.013123578786981938e+01 1.548054424107886407e-01
2.230800000000000283e-01 4.036481828142762396e+01 1.283427832018614045e-01
2.237400000000000222e-01 4.017242450219472971e+01 1.224976836515695167e-01
2.242500000000000049e-01 4.027526010132740453e+01 1.536435729212257129e-01
2.244800000000000129e-01 4.025797623663481062e+01 1.540414311151386273e-01
2.250999999999999945e-01 4.035546140467843657e+01 1.297723872786503141e-01
2.255599999999999827e-01 4.026202468386603073e+01 1.230310936308379038e-01
2.256199999999999872e-01 4.021509834593983612e+01 1.244779799803965303e-01
2.264400000000000024e-01 4.033440264741283698e+01 1.411961224680054472e-01
2.279599999999999960e-01 4.031822608648754169e+01 1.506273796492523520e-01
2.285300000000000109e-01 4.030211105108372038e+01 1.291548392434445358e-01
2.288900000000000101e-01 4.053876339414347285e+01 1.437330424780607074e-01
2.293900000000000106e-01 4.017016826167593990e+01 1.273054005138823663e-01
2.294300000000000228e-01 4.025697293735020565e+01 1.412849602753244171e-01
2.302699999999999747e-01 4.045069704839653468e+01 1.466269842150482172e-01
2.307099999999999984e-01 4.014715789142945113e+01 1.527195878071964663e-01
2.308599999999999819e-01 4.039774417470549395e+01 1.539182006781524281e-01
2.315199999999999758e-01 4.027983709789749156e+01 1.500725158048601682e-01
2.335300000000000153e-01 4.027114162017455357e+01 1.528721524673476995e-01
2.335900000000000198e-01 4.027771608108017176e+01 1.538711798875929959e-01
2.336199999999999943e-01 4.040835883919778837e+01 1.600646275727401202e-01
2.346599999999999797e-01 4.058994508136753154e+01 1.952874099884577830e-01
2.351699999999999902e-01 4.020084158323552970e+01 1.459859411039295951e-01
2.360300000000000176e-01 4.036721498575656142e+01 1.233750075987839478e-01
2.364300000000000290e-01 4.030130952548535106e+01 1.434457301560419229e-01
2.365699999999999747e-01 4.035923014483657312e+01 1.461928349817459283e-01
2.368000000000000105e-01 4.035145041033062085e+01 1.243284561152433881e-01
2.375300000000000189e-01 4.017974002363825292e+01 1.318207305396233986e-01
2.382300000000000251e-01 4.039131213518444952e+01 1.435578716058440452e-01
2.385099999999999998e-01 4.067874457105878605e+01 2.472219549311913123e-01
2.394300000000000317e-01 4.060882069358068236e+01 1.480115198219381922e-01
2.400100000000000011e-01 4.039254802012428058e+01 1.644951063101878497e-01
2.407400000000000095e-01 4.048239792544166704e+01 1.182229778850118485e-01
2.411099999999999910e-01 4.047915026938662919e+01 1.120805513905066414e-01
2.414599999999999802e-01 4.071160510121364950e+01 1.303852656552879075e-01
2.416199999999999737e-01 4.032338878388461012e+01 1.519495557742766012e-01
2.417699999999999849e-01 4.039400168352774756e+01 1.570910086542192940e-01
2.423699999999999743e-01 4.069008372151510855e+01 1.521392043491749113e-01
2.427499999999999936e-01 4.052151456926792861e+01 1.215308191365466056e-01
2.428800000000000125e-01 4.026515365177751704e+01 1.177361669156933299e-01
2.431699999999999695e-01 4.052063617518799532e+01 1.549259097117070272e-01
2.441000000000000114e-01 4.032513883103712260e+01 1.450765487596117342e-01
2.448800000000000143e-01 4.076317554019963296e+01 1.299873840032177708e-01
2.449400000000000188e-01 4.059799890558620916e+01 1.238958635306280226e-01
2.451000000000000123e-01 4.053654669987344050e+01 1.442664895254612001e-01
2.452599999999999780e-01 4.050035026948963690e+01 1.883262329045000683e-01
2.452699999999999880e-01 4.018886383851132393e+01 1.472114210922508271e-01
2.452999999999999903e-01 4.064230327141360988e+01 1.412179786712725871e-01
2.457499999999999962e-01 4.048771034555095838e+01 1.226881412362254287e-01
2.458300000000000207e-01 4.047461254166603339e+01 1.310253124400014568e-01
2.459900000000000142e-01 4.036368707816215817e+01 1.220863628748108803e-01
2.461500000000000077e-01 4.028996229348233982e+01 1.466036919726102783e-01
2.461599999999999899e-01 4.058258498777238543e+01 1.307223106435928817e-01
2.464900000000000146e-01 4.039151736362983058e+01 1.082541800578619567e-01
2.480499999999999927e-01 4.051319258873336082e+01 1.345012546409883880e-01
2.482800000000000284e-01 4.030759186848366227e+01 1.389448091869573965e-01
2.483199999999999852e-01 4.032645830515152596e+01 1.327512900125644713e-01
2.484900000000000164e-01 4.074388433266003773e+01 1.471853678189513348e-01
2.486199999999999799e-01 4.034487138726991162e+01 1.400913898139353742e-01
2.487999999999999934e-01 4.030602238381802493e+01 1.597230258916979007e-01
2.489999999999999991e-01 4.055152096480195212e+01 1.160179835197974740e-01
2.493100000000000038e-01 4.055394663102610053e+01 1.410364137377294325e-01
2.494300000000000128e-01 4.030151444401654715e+01 1.445824245888828741e-01
2.495400000000000118e-01 4.058962197484659384e+01 1.248527332500174031e-01
2.499900000000000178e-01 4.054739100524480477e+01 1.331908499109454580e-01
2.500100000000000100e-01 4.063159111380912947e+01 1.626152668109608901e-01
2.500999999999999890e-01 4.067469351346274209e+01 1.323911722887897158e-01
2.501200000000000090e-01 4.067546105815846857e+01 1.432803458259366280e-01
2.505000000000000004e-01 4.064560664793066280e+01 1.115654516416260400e-01
2.505100000000000104e-01 4.038885557496733014e+01 1.317899749601615100e-01
2.508500000000000174e-01 4.073056293352936308e+01 1.660100298174781996e-01
2.514899999999999913e-01 4.034982785704777797e+01 1.267419425446840719e-01
2.516300000000000203e-01 4.044004633967487905e+01 1.463225717379242896e-01
2.521800000000000153e-01 4.023783123735514522e+01 1.610603070281439730e-01
2.524899999999999922e-01 4.063939173135777594e+01 1.134060734705156781e-01
2.534000000000000141e-01 4.051624790251027264e+01 1.126061610215000619e-01
2.557699999999999974e-01 4.072317236464480317e+01 1.818983919665042026e-01
2.562599999999999878e-01 4.056356684820415381e+01 1.615603525002344276e-01
2.564099999999999713e-01 4.081591818653925685e+01 1.750017571340356515e-01
2.565399999999999903e-01 4.061852589239676092e+01 1.481700796382319496e-01
2.569000000000000172e-01 4.056174194678741429e+01 1.672561284377944435e-01
2.569299999999999917e-01 4.061730636729004118e+01 1.447226312640839396e-01
2.574000000000000177e-01 4.074210340552565413e+01 1.501179536231426193e-01
2.576900000000000301e-01 4.071170635082069822e+01 1.429736951330558559e-01
2.584800000000000431e-01 4.058514384659623886e+01 1.409752371872450560e-01
2.604299999999999948e-01 4.060577276688050574e+01 1.522163920213588650e-01
2.605099999999999638e-01 4.074216603717241014e+01 1.227943504400752089e-01
2.608800000000000008e-01 4.056674155487327482e+01 1.423747431955541820e-01
2.610999999999999988e-01 4.061874593044225890e+01 1.387781593046975015e-01
2.613199999999999967e-01 4.056781120320206213e+01 1.789495250063548037e-01
2.613599999999999812e-01 4.060993973611159191e+01 1.584624166797919120e-01
2.619900000000000007e-01 4.065568823435215506e+01 1.083653311719204870e-01
2.631199999999999650e-01 4.074958413435771831e+01 1.314379891812104684e-01
2.631800000000000250e-01 4.062428335753521225e+01 1.430768412427392000e-01
2.632700000000000040e-01 4.051524768486439854e+01 1.515198996831769451e-01
2.634900000000000020e-01 4.093143073306794122e+01 1.080686818648215058e-01
2.637700000000000045e-01 4.075110183594090074e+01 1.570664588637561421e-01
2.638800000000000034e-01 4.088861289389549114e+01 1.419290844048534117e-01
2.638800000000000034e-01 4.076516019614414432e+01 1.296912776558238611e-01
2.641900000000000359e-01 4.055911286262657001e+01 1.666104588553792010e-01
2.646000000000000019e-01 4.071211190012258641e+01 1.390332693998094782e-01
2.655000000000000138e-01 4.074250489230225725e+01 1.302445392329367457e-01
2.665800000000000392e-01 4.058758106797952792e+01 1.477801661252280685e-01
2.680099999999999705e-01 4.069690856996759720e+01 1.672688330203806750e-01
2.682599999999999985e-01 4.072584967220925023e+01 1.528808277711760644e-01
2.682800000000000185e-01 4.072216663558356942e+01 1.627729323321294719e-01
2.684799999999999964e-01 4.073739033486634753e+01 1.444892124000957956e-01
2.684900000000000064e-01 4.061071368392147463e+01 1.052911677207542390e-01
2.686199999999999699e-01 4.058887043463917621e+01 9.950298990482647765e-02
2.699099999999999833e-01 4.063345235924380461e+01 1.271144464645934946e-01
2.700099999999999723e-01 4.100226173081017578e+01 1.374025381861630757e-01
2.704699999999999882e-01 4.059597208257729051e+01 1.243707964113762582e-01
2.705699999999999772e-01 4.070691160220128069e+01 1.691259294135585844e-01
2.708800000000000097e-01 4.051922157589645934e+01 1.201789082992519159e-01
2.713099999999999956e-01 4.085134396554214220e+01 1.080516196084075342e-01
2.730699999999999794e-01 4.107754557042499499e+01 1.452085655187048685e-01
2.744599999999999818e-01 4.068861450658474155e+01 1.526580492473292305e-01
2.750900000000000012e-01 4.070663930670334452e+01 1.163620105532729293e-01
2.750900000000000012e-01 4.086534520431879969e+01 1.383782316695801595e-01
2.751099999999999657e-01 4.068900868068712384e+01 1.552089961954525310e-01
2.753999999999999782e-01 4.050823165451850372e+01 1.531627728921097775e-01
2.763100000000000001e-01 4.055566068495809873e+01 1.906843792763319168e-01
2.771600000000000175e-01 4.098911251039180570e+01 2.056218252034545113e-01
2.780500000000000194e-01 4.092082912073435352e+01 1.393258321346045325e-01
2.789999999999999702e-01 4.085848322272341449e+01 1.328302394035333900e-01
2.794599999999999862e-01 4.081594905257356487e+01 1.399692109001118845e-01
2.798900000000000277e-01 4.053177490033323238e+01 1.138561043598453754e-01
2.805099999999999816e-01 4.077055807655538899e+01 1.107590741203627049e-01
2.825099999999999834e-01 4.075069658004844086e+01 1.075072555691010123e-01
2.831299999999999928e-01 4.079711090772003246e+01 1.361119484101230293e-01
2.836000000000000187e-01 4.083259851910927551e+01 1.030124992415968888e-01
2.839700000000000002e-01 4.063408584470371920e+01 1.147896118993352033e-01
2.839999999999999747e-01 4.116683492180885651e+01 1.515934612705970297e-01
2.840300000000000047e-01 4.104066135349700062e+01 1.365092579278050222e-01
2.850900000000000101e-01 4.081652428824588696e+01 1.544887455447807034e-01
2.853999999999999870e-01 4.074032312275168266e+01 1.233232236847545266e-01
2.854599999999999915e-01 4.074879754627773565e+01 1.396528195204092826e-01
2.857800000000000340e-01 4.105358043836119464e+01 1.359564452315520089e-01
2.862199999999999744e-01 4.093400829572278354e+01 1.559857285138611382e-01
2.863100000000000089e-01 4.075141626573469722e+01 1.505405261050990207e-01
2.870699999999999918e-01 4.079078803803881215e+01 1.430968815173831732e-01
2.871199999999999863e-01 4.110167891481820135e+01 1.492407786096012212e-01
2.884499999999999842e-01 4.108633900126767458e+01 1.257657743585272880e-01
2.885400000000000187e-01 4.092658248988344383e+01 1.640270252123106620e-01
2.896000000000000241e-01 4.076462452322628849e+01 1.650258464604862918e-01
2.900300000000000100e-01 4.086073409555417157e+01 1.532854282050319372e-01
2.902000000000000135e-01 4.065675128549624873e+01 1.384999007219860634e-01
2.908000000000000029e-01 4.094142513145622075e+01 1.465916351638114346e-01
2.908999999999999919e-01 4.118530467609328838e+01 1.596800472820571193e-01
2.912099999999999689e-01 4.082976469620418669e+01 1.502382940531474531e-01
2.917199999999999793e-01 4.107344157229015735e+01 1.255158057775991598e-01
2.921199999999999908e-01 4.075101941771457348e+01 1.227698049196136870e-01
2.924499999999999877e-01 4.097045053702593975e+01 1.650264675741439924e-01
2.928199999999999692e-01 4.077652334352261221e+01 1.352546487186299939e-01
2.929100000000000037e-01 4.082979204833754494e+01 1.709224092973183062e-01
2.931799999999999962e-01 4.096510650371274664e+01 1.438457507193034723e-01
2.953199999999999714e-01 4.104319642531218904e+01 1.926109939749026667e-01
2.955999999999999739e-01 4.098605485065002796e+01 1.231742262001268018e-01
2.964900000000000313e-01 4.113341729224508470e+01 1.447499740932619572e-01
2.984300000000000286e-01 4.115573301204045720e+01 1.605821985775509331e-01
2.985900000000000221e-01 4.113600665194977779e+01 1.634294037191594273e-01
2.988000000000000100e-01 4.090905991474433279e+01 1.643780627091097069e-01
2.991099999999999870e-01 4.107877696374121257e+01 1.302605082133491410e-01
2.994800000000000240e-01 4.129995269060174934e+01 1.615283566436555851e-01
3.000400000000000289e-01 4.090732545042786938e+01 1.589788743827304784e-01
3.000599999999999934e-01 4.133571244438232384e+01 1.653738416437134373e-01
3.001199999999999979e-01 4.100634126459029005e+01 1.195212010481822434e-01
3.007799999999999918e-01 4.082819885603921506e+01 1.705183421218960937e-01
3.014300000000000312e-01 4.096665586770379974e+01 1.446377889764635383e-01
3.015599999999999947e-01 4.122045182675331176e+01 1.350971409764099851e-01
3.015800000000000147e-01 4.098910161469878943e+01 9.411129050225588988e-02
3.024900000000000366e-01 4.116275016032000167e+01 1.583734115942445619e-01
3.031699999999999950e-01 4.093470825791388990e+01 1.377902663470827183e-01
3.033699999999999730e-01 4.110141667946594168e+01 1.188121521562504196e-01
3.036900000000000155e-01 4.100797087818720854e+01 1.351418329015852959e-01
3.052500000000000213e-01 4.091740645133528176e+01 1.130659099817447194e-01
3.053800000000000403e-01 4.098985975781237556e+01 1.977446649090690289e-01
3.054899999999999838e-01 4.109110971857927552e+01 1.331903806586646755e-01
3.056699999999999973e-01 4.123729715881313496e+01 1.203051017205837431e-01
3.061699999999999977e-01 4.109520348040159377e+01 1.614648800823262620e-01
3.064199999999999702e-01 4.094570366436712305e+01 1.494238100170116601e-01
3.066599999999999882e-01 4.123682446759968911e+01 1.628133286927087031e-01
3.080100000000000060e-01 4.100382614605523912e+01 1.183541507510404017e-01
3.088000000000000189e-01 4.094040296841085791e+01 1.553667676821526844e-01
3.089399999999999924e-01 4.119321388641385084e+01 1.694070098903820432e-01
3.089999999999999969e-01 4.165469754386844414e+01 1.969420155781899107e-01
3.091999999999999749e-01 4.107279835008936431e+01 1.463237335499610603e-01
3.103199999999999847e-01 4.110618275820930734e+01 1.580640297474412703e-01
3.107900000000000107e-01 4.120013906219531918e+01 1.385799498484538983e-01
3.115600000000000036e-01 4.117999593095282762e+01 1.084160158832633003e-01
3.126200000000000090e-01 4.084945184573172128e+01 1.430758802174566247e-01
3.135300000000000309e-01 4.121786210718681076e+01 1.495707274168311396e-01
3.143699999999999828e-01 4.105006331872563408e+01 1.371322172211912882e-01
3.146800000000000153e-01 4.096344571282916291e+01 1.573154474296787064e-01
3.148000000000000242e-01 4.114117356138411452e+01 1.249954499171869876e-01
3.155499999999999972e-01 4.107793399965722614e+01 1.536689217115809469e-01
3.157900000000000151e-01 4.106292571096869892e+01 1.523202054883067702e-01
3.177400000000000224e-01 4.113152845343346797e+01 1.522227151249116450e-01
3.181100000000000039e-01 4.117622468052238816e+01 1.248003906243886629e-01
3.184099999999999708e-01 4.088765629865937967e+01 2.109392862887328746e-01
3.189400000000000013e-01 4.112663286752830771e+01 1.371383790191498253e-01
3.189400000000000013e-01 4.138473158026514653e+01 1.567710352711877697e-01
3.200699999999999656e-01 4.111258352757182877e+01 1.359420096953108947e-01
3.209199999999999831e-01 4.122111907887983051e+01 1.550762796174837421e-01
3.209500000000000131e-01 4.124774910566038244e+01 1.246572099800087735e-01
3.221800000000000219e-01 4.128863369514562720e+01 1.403881138131002904e-01
3.245399999999999952e-01 4.111079783578531277e+01 1.024338933166166477e-01
3.252900000000000236e-01 4.113062095914806093e+01 1.810036187483554104e-01
3.253099999999999881e-01 4.126946795142725932e+01 1.411828690032894962e-01
3.255300000000000415e-01 4.131278780379186344e+01 1.385353564978991092e-01
3.260099999999999665e-01 4.130416246061128049e+01 1.465279324907029501e-01
3.275300000000000433e-01 4.135082201774655175e+01 1.386860573381477335e-01
3.283200000000000007e-01 4.124546802491531139e+01 1.816546930304857310e-01
3.284000000000000252e-01 4.137202960548737707e+01 1.658647717268498245e-01
3.284099999999999797e-01 4.127171991947816565e+01 1.725603155421315260e-01
3.289099999999999802e-01 4.114033567426720595e+01 2.096414140860531350e-01
3.294400000000000106e-01 4.113304287217719946e+01 1.430851057937198301e-01
3.294400000000000106e-01 4.133822292909011509e+01 1.191123314354983198e-01
3.301499999999999990e-01 4.134587649592470626e+01 1.590231901327602004e-01
3.305899999999999950e-01 4.138952042848808333e+01 1.154713384351285649e-01
3.306000000000000050e-01 4.093821686129330573e+01 1.562765737402762589e-01
3.306999999999999940e-01 4.127161762179524374e+01 1.482337512174606020e-01
3.308099999999999929e-01 4.127846538661695774e+01 1.560773606260690283e-01
3.309400000000000119e-01 4.129241208704306132e+01 1.070363372878575386e-01
3.309599999999999764e-01 4.132396798647098990e+01 1.906546026195014287e-01
3.315899999999999959e-01 4.111190113231732113e+01 1.402445186094629648e-01
3.315899999999999959e-01 4.136332513290939517e+01 1.169233830335061897e-01
3.317999999999999838e-01 4.137010303648857956e+01 1.202195595566711434e-01
3.329300000000000037e-01 4.141591127355714974e+01 1.438964123944721507e-01
3.339799999999999991e-01 4.142240714255553513e+01 1.593368758323069623e-01
3.349300000000000055e-01 4.098700278062979407e+01 1.130996684345272479e-01
3.374199999999999977e-01 4.114729281686983597e+01 1.462208346987528551e-01
3.374800000000000022e-01 4.098121307861935492e+01 1.664004882805336094e-01
3.375299999999999967e-01 4.127452237479172226e+01 1.067851698504993785e-01
3.382900000000000351e-01 4.135465021013143172e+01 1.511716904714635878e-01
3.384800000000000031e-01 4.138133323833886834e+01 1.392380425745780304e-01
3.385000000000000231e-01 4.104754100213732215e+01 1.619617701804965948e-01
3.405199999999999894e-01 4.123678394776744227e+01 1.058221975768789264e-01
3.409200000000000008e-01 4.138381991993754383e+01 1.486973436211958544e-01
3.416000000000000147e-01 4.130238742649772377e+01 1.694289452838563803e-01
3.454599999999999893e-01 4.153359046895260320e+01 1.628180119028604100e-01
3.459300000000000153e-01 4.128611045380899469e+01 1.113082656409666721e-01
3.468800000000000217e-01 4.141332191729387802e+01 2.534265870030214529e-01
3.470099999999999851e-01 4.101074668699124004e+01 1.406762506608702501e-01
3.487199999999999744e-01 4.133593744569814277e+01 1.333659533014329712e-01
3.490199999999999969e-01 4.127494630626848959e+01 1.225316489728266178e-01
3.492300000000000404e-01 4.164925159256650034e+01 1.159923812153194900e-01
3.493100000000000094e-01 4.158010608659102303e+01 1.382525677880884762e-01
3.495699999999999918e-01 4.145143546125873257e+01 1.202304038086872556e-01
3.495699999999999918e-01 4.135504836766098435e+01 1.108998309286357703e-01
3.507000000000000117e-01 4.148441451023851556e+01 1.074979418407626952e-01
3.509199999999999542e-01 4.129900660175263027e+01 1.285061866215008175e-01
3.515699999999999936e-01 4.163910286475837097e+01 1.138298071684214069e-01
3.516099999999999781e-01 4.149043741868655388e+01 1.160253205123778081e-01
3.530599999999999850e-01 4.147005500637500575e+01 1.516711409596433469e-01
3.536299999999999999e-01 4.157352167453493763e+01 1.457291065642001560e-01
3.552699999999999747e-01 4.140009248258880348e+01 1.132401430588994007e-01
3.558199999999999696e-01 4.172094454764400240e+01 1.266692444913128934e-01
3.583300000000000374e-01 4.153039897629525967e+01 1.145282607045090828e-01
3.585800000000000098e-01 4.144492101000491147e+01 1.188725578087726636e-01
3.590200000000000058e-01 4.138096790434137517e+01 1.344483358022701691e-01
3.600099999999999967e-01 4.158454979335830615e+01 1.337683071583101180e-01
3.602000000000000202e-01 4.157814509302697559e+01 1.606266322874261021e-01
3.608199999999999741e-01 4.185727126401606313e+01 1.424182660335394091e-01
3.613500000000000045e-01 4.123440908381984826e+01 2.037954489187626672e-01
3.616500000000000270e-01 4.170660571077650758e+01 1.647477920944617757e-01
3.649100000000000121e-01 4.168409524381348064e+01 1.426757687906394512e-01
3.661599999999999855e-01 4.136730141429110574e+01 1.844227480545716225e-01
3.664600000000000080e-01 4.170507193872843743e+01 1.247896029322956013e-01
3.678300000000000458e-01 4.160555703403058203e+01 1.240019052272988281e-01
3.679100000000000148e-01 4.172723991869578697e+01 1.025723159531849588e-01
3.692400000000000126e-01 4.164807201505610124e+01 1.437832483288647711e-01
3.693899999999999961e-01 4.159773350192681818e+01 1.562963371291854753e-01
3.700300000000000256e-01 4.173884598786088418e+01 1.640972272770018503e-01
3.701300000000000145e-01 4.133093419492865905e+01 1.364033174083387201e-01
3.704999999999999960e-01 4.155822351858911645e+01 1.051072309596252363e-01
3.705100000000000060e-01 4.170511147742909230e+01 1.144911677816241036e-01
3.705300000000000260e-01 4.148570853047489493e+01 1.136975703346381900e-01
3.705999999999999850e-01 4.161015274890191051e+01 1.218013341470445543e-01
3.708899999999999975e-01 4.183581571427178858e+01 2.640788755277483357e-01
3.714399999999999924e-01 4.156950605601593196e+01 1.252014776270631846e-01
3.714999999999999969e-01 4.162352084516055584e+01 1.082598378901428043e-01
3.716400000000000259e-01 4.164358281841953868e+01 1.072622836788402617e-01
3.734999999999999987e-01 4.148172652344256051e+01 1.046653237705783834e-01
3.738599999999999701e-01 4.160137293415189674e+01 8.631451210543913954e-02
3.785999999999999921e-01 4.162162728611622242e+01 1.467318983725079684e-01
3.794899999999999940e-01 4.150661902795931724e+01 1.399350920963001454e-01
3.799000000000000155e-01 4.144386149069026004e+01 1.310561902391489397e-01
3.800300000000000344e-01 4.156733818339586861e+01 1.509934766802857875e-01
3.805399999999999894e-01 4.168445996625379024e+01 1.311430326018122872e-01
3.808300000000000018e-01 4.184272626684703056e+01 1.386137258715744724e-01
3.816400000000000348e-01 4.195653886712694458e+01 1.412417696717228055e-01
3.817099999999999937e-01 4.136772839712042327e+01 1.433847272201611012e-01
3.824599999999999667e-01 4.147153028881643166e+01 1.826921454250291510e-01
3.844699999999999784e-01 4.165144614226947795e+01 1.497776602167359417e-01
3.859800000000000453e-01 4.182734763961286006e+01 1.263659764335321456e-01
3.873400000000000176e-01 4.119369615170644039e+01 1.854868795899052292e-01
3.877499999999999836e-01 4.154918462791903977e+01 1.591222093235259150e-01
3.888699999999999934e-01 4.165510905922498353e+01 1.412454158548163141e-01
3.926699999999999635e-01 4.159009735640460548e+01 1.590369296735824334e-01
4.004800000000000026e-01 4.171357065755312021e+01 1.154130841802609442e-01
4.007800000000000251e-01 4.149659240896757950e+01 1.350683160478429734e-01
4.007999999999999896e-01 4.166418116875419742e+01 1.604259018986647356e-01
4.021399999999999975e-01 4.176356729546329660e+01 1.492475627941709515e-01
4.045500000000000207e-01 4.168219060717562741e+01 1.078597468938250342e-01
4.047100000000000142e-01 4.139202963451177197e+01 1.539021523566191096e-01
4.054699999999999971e-01 4.166579601546250444e+01 1.107959723997221924e-01
4.092699999999999672e-01 4.173167618144050550e+01 1.906396010801533480e-01
4.094599999999999906e-01 4.174467641905790316e+01 1.092807508209931860e-01
4.099600000000000466e-01 4.203401478490309273e+01 2.056252963523700072e-01
4.113100000000000089e-01 4.177278031130606450e+01 1.540844005731923372e-01
4.115500000000000269e-01 4.186666425624055421e+01 1.291800681219823499e-01
4.166399999999999548e-01 4.151415089497913868e+01 1.178869691696245170e-01
4.186500000000000221e-01 4.184931596499016848e+01 1.155674262065223973e-01
4.192899999999999405e-01 4.179502471080499504e+01 1.493410275175579283e-01
4.193000000000000060e-01 4.189223773016538388e+01 1.522855048913060450e-01
4.195699999999999985e-01 4.165051108002850810e+01 1.213123757083340720e-01
4.202800000000000424e-01 4.192013492097999716e+01 2.332936561503548278e-01
4.208600000000000119e-01 4.160664928725596923e+01 1.627345307548462572e-01
4.224399999999999822e-01 4.161652892237277968e+01 1.196152791243660501e-01
4.235300000000000176e-01 4.220420927598782868e+01 2.656963774687189916e-01
4.235899999999999666e-01 4.198587165360309115e+01 1.428665811167888211e-01
4.269300000000000317e-01 4.196158110262015839e+01 1.630781101190469651e-01
4.269600000000000617e-01 4.179199601130201813e+01 1.533527551105620113e-01
4.278399999999999426e-01 4.175638527994311033e+01 1.710274320101895229e-01
4.286600000000000410e-01 4.203440504433368829e+01 1.299184359511766640e-01
4.288600000000000190e-01 4.178943084004957598e+01 1.475609026808930857e-01
4.296699999999999964e-01 4.230993214817854664e+01 1.531627239245894334e-01
4.301499999999999768e-01 4.189941014638575467e+01 1.260267134380644027e-01
4.348699999999999788e-01 4.193620419330176219e+01 1.153009973937779986e-01
4.354399999999999382e-01 4.183970122363029986e+01 1.098635289802762510e-01
4.367300000000000071e-01 4.195647974622168164e+01 1.424801828325609754e-01
4.388500000000000179e-01 4.232626911618621079e+01 1.922745367956974205e-01
4.392699999999999938e-01 4.201315239587740535e+01 1.326047510461069445e-01
4.400699999999999612e-01 4.182469161851444284e+01 1.697052665653013825e-01
4.405800000000000272e-01 4.198355859118236566e+01 1.374993363620348463e-01
4.425499999999999989e-01 4.197919364566051570e+01 1.143037182247366723e-01
4.436800000000000188e-01 4.192449760358209687e+01 1.353830676266422894e-01
4.475800000000000334e-01 4.206845450092527727e+01 1.527556709258284795e-01
4.495600000000000152e-01 4.197274696340257805e+01 1.416990737443262205e-01
4.505899999999999905e-01 4.191993008522296549e+01 1.319571331910480705e-01
4.506999999999999895e-01 4.215867555874839923e+01 1.550522734435067773e-01
4.515500000000000069e-01 4.209386558073443751e+01 1.255090733771865585e-01
4.516899999999999804e-01 4.209198768919118550e+01 1.380243094530814729e-01
4.517300000000000204e-01 4.206574943494437235e+01 1.250075097744131614e-01
4.603999999999999759e-01 4.223520884979625833e+01 1.474630207882640653e-01
4.610100000000000309e-01 4.171987963335166683e+01 1.645373589796554348e-01
4.612699999999999578e-01 4.216348895712395262e+01 1.379717996548570358e-01
4.615600000000000258e-01 4.216393324176140567e+01 1.114225179216481315e-01
4.663999999999999813e-01 4.201879025526430667e+01 1.588744315489437064e-01
4.666399999999999437e-01 4.204498249596656478e+01 1.166871351092313019e-01
4.683999999999999830e-01 4.229000381256270913e+01 1.180827781685373501e-01
4.703899999999999748e-01 4.185723653792256016e+01 1.411964411732816727e-01
4.705699999999999883e-01 4.216506302276847862e+01 1.223271842232951934e-01
4.705799999999999983e-01 4.224328819630181897e+01 1.294646380290772614e-01
4.717500000000000027e-01 4.242039691574757398e+01 1.501877158758332109e-01
4.757199999999999762e-01 4.236728312163432975e+01 1.092748598717930147e-01
4.779600000000000515e-01 4.207528015393428689e+01 1.650898846083550808e-01
4.794199999999999573e-01 4.213303585137106211e+01 1.465222167454478808e-01
4.803999999999999937e-01 4.231917963220996626e+01 1.724443605920471800e-01
4.805699999999999972e-01 4.215723592021942068e+01 1.153922224415493275e-01
4.807199999999999807e-01 4.212008553035776259e+01 1.140969543852946022e-01
4.817600000000000215e-01 4.224562695670595502e+01 1.543770951274832104e-01
4.888100000000000223e-01 4.220791553913321792e+01 1.140104381186214100e-01
4.948000000000000176e-01 4.214456545043820768e+01 1.181719615644929583e-01
4.973699999999999788e-01 4.220056484489666104e+01 1.327729170425956950e-01
5.007399999999999629e-01 4.220272830739689596e+01 1.365424201484652100e-01
5.009100000000000774e-01 4.276532734340590025e+01 1.967138658051333089e-01
5.027500000000000302e-01 4.231605795786001067e+01 2.089725161354956950e-01
5.027599999999999847e-01 4.187616765686134812e+01 2.086234047272740588e-01
5.030899999999999261e-01 4.229019931459982473e+01 1.267582245852315326e-01
5.071799999999999642e-01 4.244389576399581188e+01 1.411565797262033517e-01
5.073600000000000332e-01 4.217789396920188949e+01 1.261534779544345453e-01
5.081799999999999651e-01 4.231927540361792239e+01 1.421330098886250948e-01
5.100200000000000289e-01 4.246045442388727764e+01 1.192070677434857451e-01
5.109000000000000208e-01 4.211454481160768637e+01 1.737638555626572212e-01
5.117599999999999927e-01 4.245172636864705851e+01 1.175938348724115817e-01
5.138000000000000345e-01 4.234714861733274205e+01 1.339378027294758911e-01
5.143399999999999084e-01 4.237720216270940909e+01 1.184491135467040934e-01
5.147599999999999953e-01 4.245670932409729659e+01 1.365553367686521413e-01
5.155899999999999928e-01 4.259588463373988532e+01 1.770382585770657602e-01
5.187899999999999734e-01 4.245966746214534027e+01 1.528088839040452895e-01
5.194100000000000383e-01 4.246661585195777633e+01 1.968197589166290895e-01
5.196100000000000163e-01 4.244454166621439839e+01 1.103714184016858502e-01
5.227800000000000225e-01 4.237086063226686861e+01 1.426251468009761547e-01
5.285100000000000353e-01 4.237313161837729325e+01 1.439855808753084665e-01
5.327800000000000313e-01 4.236797216618718664e+01 1.147976807257010817e-01
5.337800000000000322e-01 4.253608899164947132e+01 1.671348557303353188e-01
5.343299999999999716e-01 4.265281486645544362e+01 1.297090012296756301e-01
5.353200000000000180e-01 4.249741208256590852e+01 1.117695732299269357e-01
5.357800000000000340e-01 4.246158640103582371e+01 1.273980180379584715e-01
5.453899999999999304e-01 4.200288700613936044e+01 1.467829349754255219e-01
5.483100000000000751e-01 4.249181153824974899e+01 1.443725562563744347e-01
5.501399999999999624e-01 4.234057490883360941e+01 1.441141821612293705e-01
5.503100000000000769e-01 4.253562514228217140e+01 1.255471624530000996e-01
5.525999999999999801e-01 4.260621711912388321e+01 1.348438077925716294e-01
5.538100000000000245e-01 4.240239393346921304e+01 1.248385757688704190e-01
5.577499999999999680e-01 4.249572321908393491e+01 1.354870288994484973e-01
5.587499999999999689e-01 4.266129833371574875e+01 1.521738890217372298e-01
5.587499999999999689e-01 4.274240160241132713e+01 1.340948172003675887e-01
5.627600000000000380e-01 4.260781426329529609e+01 1.182417756125135333e-01
5.647499999999999742e-01 4.283488092231145572e+01 1.365604353390834635e-01
5.758400000000000185e-01 4.278853090962002881e+01 1.391325716717692063e-01
5.761300000000000310e-01 4.254850115390794230e+01 1.457984653554350585e-01
5.766100000000000669e-01 4.281885512610757161e+01 1.236599369238072926e-01
5.782399999999999762e-01 4.268449400887492828e+01 1.629632934129646160e-01
5.782800000000000162e-01 4.244038553445498252e+01 1.396076018703852617e-01
5.787499999999999867e-01 4.275934077742032713e+01 1.214022961067870443e-01
5.796000000000000041e-01 4.291722433406651049e+01 1.204504877532673185e-01
5.806000000000000050e-01 4.279235704102736548e+01 1.613531840404768825e-01
5.807299999999999685e-01 4.270477219758431886e+01 1.378470166525195273e-01
5.829400000000000137e-01 4.247427120203092699e+01 1.264904344209474285e-01
5.832800000000000207e-01 4.280849190730994280e+01 1.302186334592711214e-01
5.837499999999999911e-01 4.266214675023324787e+01 1.000187857354807169e-01
5.837499999999999911e-01 4.279703567167763367e+01 1.408655298502795583e-01
5.857499999999999929e-01 4.249223556955463721e+01 1.423010189703503015e-01
5.872800000000000242e-01 4.261202380190354688e+01 1.411513106563307696e-01
5.887299999999999756e-01 4.272448494562681276e+01 1.306964326215524497e-01
5.902699999999999614e-01 4.277688856008069251e+01 1.671037103118898359e-01
5.918499999999999872e-01 4.288824491687927321e+01 1.269138388829208763e-01
6.006000000000000227e-01 4.264616868390263704e+01 1.551189140627280139e-01
6.032600000000000184e-01 4.284549173846266967e+01 1.435333759095772099e-01
6.082499999999999574e-01 4.275001884859419476e+01 1.273668324172348987e-01
6.098700000000000232e-01 4.282377305863550276e+01 1.493213899613849704e-01
6.106399999999999606e-01 4.291467067659988999e+01 1.336605962877616405e-01
6.112400000000000055e-01 4.300455809576784105e+01 1.599418956996571384e-01
6.157000000000000250e-01 4.295690924373461428e+01 1.440764206940192138e-01
6.199200000000000266e-01 4.258837676746858847e+01 1.166493249016041234e-01
6.206300000000000150e-01 4.277372204619197049e+01 1.141888567242881347e-01
6.218899999999999428e-01 4.281063003449655469e+01 1.635795372288355587e-01
6.252199999999999980e-01 4.280925507142268316e+01 1.313478397233848738e-01
6.272300000000000653e-01 4.303181368225828862e+01 1.390361823411445652e-01
6.305600000000000094e-01 4.286878744984761624e+01 1.191995490763283067e-01
6.307099999999999929e-01 4.280565747285322686e+01 1.442286379329708601e-01
6.319000000000000172e-01 4.251540635783435107e+01 1.778682166661599007e-01
6.322200000000000042e-01 4.313209450200768202e+01 2.051555690201950222e-01
6.377099999999999991e-01 4.308313163943092405e+01 2.334710581635333904e-01
6.382200000000000095e-01 4.283877065617618740e+01 1.847169185537697322e-01
6.419100000000000916e-01 4.310015955674123944e+01 1.666534878122867269e-01
6.436399999999999899e-01 4.305048940411693081e+01 1.949281406057114252e-01
6.436399999999999899e-01 4.284450346946736943e+01 2.019063644365872989e-01
6.476399999999999935e-01 4.299540792633266761e+01 1.620154930863094978e-01
6.486399999999999944e-01 4.301790125871389137e+01 1.597161075158044230e-01
6.620599999999999818e-01 4.292546152221459721e+01 1.800903731463733559e-01
6.646400000000000086e-01 4.308882245891086882e+01 1.616869196935855901e-01
6.706499999999999684e-01 4.309991744931365787e+01 1.780066010011988331e-01
6.776699999999999946e-01 4.330203041607686032e+01 2.060197320646738606e-01
6.819600000000000106e-01 4.324879029520425888e+01 1.489723799903861501e-01
6.836600000000000454e-01 4.246337548861256295e+01 2.907917553851896431e-01
6.851699999999999458e-01 4.316187360861745503e+01 2.329635057256822794e-01
6.886600000000000499e-01 4.313801773681784368e+01 1.523559647667264705e-01
6.906499999999999861e-01 4.313608907829241446e+01 1.842105249436090109e-01
6.931500000000000439e-01 4.314640388913326774e+01 2.447981668640515085e-01
6.971500000000000474e-01 4.304699120441437543e+01 1.624825606026689961e-01
6.981600000000000028e-01 4.328320260051575730e+01 2.174994482751622937e-01
6.991500000000000492e-01 4.328338841250347002e+01 1.569069867787919736e-01
6.991600000000000037e-01 4.306027296713678254e+01 1.733041401698182105e-01
6.999800000000000466e-01 4.313178784837560187e+01 2.157066642456834105e-01
7.006399999999999295e-01 4.324621032793978515e+01 1.743054502877061651e-01
7.011500000000000510e-01 4.307367475182718408e+01 1.809882316616193698e-01
7.019800000000000484e-01 4.312826313449718896e+01 2.628876518591164446e-01
7.019800000000000484e-01 4.297279621435656338e+01 1.652875600279706536e-01
7.156500000000000083e-01 4.344305453179928378e+01 1.947653524115621759e-01
7.186799999999999855e-01 4.340595358575842511e+01 1.516360362842553433e-01
7.196299999999999919e-01 4.340469771973192081e+01 2.062097354636778512e-01
7.201300000000000479e-01 4.331391951442495269e+01 1.938954937588803218e-01
7.206799999999999873e-01 4.333759242547809976e+01 2.034234008171134644e-01
7.266799999999999926e-01 4.309799490181855219e+01 1.634786377481779740e-01
7.276699999999999280e-01 4.355565994590041612e+01 1.984069870241468858e-01
7.301199999999999912e-01 4.318602425433230962e+01 1.917225664860555678e-01
7.336199999999999388e-01 4.330647952504497766e+01 1.564477468677641370e-01
7.340100000000000513e-01 4.333509183393589126e+01 2.410021421066626257e-01
7.349999999999999867e-01 4.331795366257195923e+01 1.348092170439395554e-01
7.350100000000000522e-01 4.315061645367487131e+01 1.788591275277837123e-01
7.356099999999999861e-01 4.320678487956526936e+01 1.926152447237756693e-01
7.360200000000000076e-01 4.315233781108581468e+01 2.113149781723955289e-01
7.366899999999999560e-01 4.320870734083204923e+01 1.406745712628973966e-01
7.399999999999999911e-01 4.341519374064239400e+01 1.269099188400969747e-01
7.420200000000000129e-01 4.365007584485858416e+01 2.156560861649863270e-01
7.427000000000000268e-01 4.346740478477514102e+01 1.993980378539367548e-01
7.456599999999999895e-01 4.322104142919616265e+01 1.534175348517893556e-01
7.461300000000000709e-01 4.315369179084963491e+01 1.653165221627892756e-01
7.490899999999999226e-01 4.306504229133637551e+01 1.833564902041921185e-01
7.506800000000000139e-01 4.350247058788770005e+01 1.921323306994426605e-01
7.566899999999999737e-01 4.307165637972857297e+01 1.590257054692731098e-01
7.590500000000000025e-01 4.355007744072448617e+01 1.524184782104847091e-01
7.607000000000000428e-01 4.327073943048765159e+01 1.507357704727049774e-01
7.610799999999999788e-01 4.348630494766138099e+01 1.610870028897427864e-01
7.615899999999999892e-01 4.369084896497430037e+01 1.552177744332136622e-01
7.655999999999999472e-01 4.360952281927615104e+01 1.556892417606303425e-01
7.665999999999999481e-01 4.327742458209664989e+01 1.600738267175493001e-01
7.666800000000000281e-01 4.332967113457284114e+01 1.812833969231600895e-01
7.670600000000000751e-01 4.338294075833913155e+01 1.792434029469424928e-01
7.685899999999999954e-01 4.352997080351000392e+01 1.695927106334467471e-01
7.730700000000000349e-01 4.332129509045940807e+01 1.769913769085940392e-01
7.765999999999999570e-01 4.324543717362914208e+01 1.791086192789169140e-01
7.880500000000000282e-01 4.338900889362121660e+01 1.392578992373502689e-01
7.890399999999999636e-01 4.348837284500928035e+01 1.171841606190870688e-01
7.965600000000000458e-01 4.365338582599543571e+01 1.598675858327759935e-01
7.985700000000000021e-01 4.354932568178014662e+01 1.753471913091281809e-01
8.006999999999999673e-01 4.365682311782813230e+01 1.617108530680609613e-01
8.056900000000000173e-01 4.357681442575697872e+01 1.567207388956547709e-01
8.056900000000000173e-01 4.356506930604269456e+01 1.315566417935635779e-01
8.060300000000000242e-01 4.365678175044758547e+01 1.847389238899047048e-01
8.080399999999999805e-01 4.363816110805900905e+01 1.646466747310737500e-01
8.090199999999999614e-01 4.373660364063538708e+01 1.679874102425535920e-01
8.107199999999999962e-01 4.363148185031245418e+01 1.717367243777521146e-01
8.136899999999999133e-01 4.373805837154607445e+01 1.425374950670875163e-01
8.177300000000000679e-01 4.365114835034155050e+01 1.226736422382575242e-01
8.221200000000000729e-01 4.351025457484959702e+01 1.865070575072160786e-01
8.226899999999999213e-01 4.372608959112948668e+01 1.478388565296687995e-01
8.285399999999999432e-01 4.363727936254631601e+01 1.540515984986848552e-01
8.369900000000000118e-01 4.375232483548587226e+01 1.441569457223619288e-01
8.381399999999999961e-01 4.380588698435506956e+01 1.818437791072325949e-01
8.399900000000000144e-01 4.379962246692053185e+01 1.530937376250250115e-01
8.405299999999998883e-01 4.353155322133416405e+01 1.469951359739498364e-01
8.421399999999999997e-01 4.348549480751844953e+01 1.868843358872005478e-01
8.479700000000001125e-01 4.354351887383459285e+01 1.708977837773211217e-01
8.485200000000000520e-01 4.384120634822868823e+01 1.498565730957437669e-01
8.507299999999998752e-01 4.357294053261689726e+01 1.318706563265687193e-01
8.529799999999999605e-01 4.373188352698649339e+01 1.520608102043389531e-01
8.540000000000000924e-01 4.398640676605472777e+01 2.154342997296391227e-01
8.585099999999999953e-01 4.365186282162588327e+01 1.664772732237046193e-01
8.585200000000000609e-01 4.386863119717109782e+01 1.490600214678637347e-01
8.585200000000000609e-01 4.373966209761162105e+01 1.794949929663777477e-01
8.639700000000001268e-01 4.375948749920475933e+01 1.540514767861704271e-01
8.645000000000000462e-01 4.373187047020555696e+01 1.475039236766262918e-01
8.665000000000000480e-01 4.366060129110153554e+01 1.749025085583394423e-01
8.721700000000001118e-01 4.382103698828657912e+01 1.345637023866391724e-01
8.779600000000000737e-01 4.383217127952444514e+01 1.445211662698581978e-01
8.907299999999999107e-01 4.355104105760377564e+01 1.421805630175939361e-01
8.931999999999999940e-01 4.388478597243651080e+01 1.589007709232400367e-01
8.969299999999998940e-01 4.372061037806471262e+01 1.676068838085118529e-01
9.017299999999999205e-01 4.360198761925673949e+01 1.524053640788276265e-01
9.107499999999999485e-01 4.397497157304932358e+01 1.649263093020637561e-01
9.134799999999999587e-01 4.389720175685921078e+01 1.388980651413114498e-01
9.222299999999998832e-01 4.390960586850423653e+01 1.721359346563058612e-01
9.222399999999999487e-01 4.388503508988459600e+01 1.884694736555498629e-01
9.249100000000000099e-01 4.388598201101414276e+01 1.935148056351244650e-01
9.262399999999999523e-01 4.402038151799508370e+01 1.114968721534375651e-01
9.278999999999999471e-01 4.388188514479102054e+01 1.842105724436032543e-01
9.318899999999999961e-01 4.417565663181388658e+01 1.539783669870543881e-01
9.322500000000000231e-01 4.405097666018178870e+01 2.113373902081692735e-01
9.338899999999999979e-01 4.400270153856129696e+01 2.021607281348185015e-01
9.350000000000000533e-01 4.401406006863454223e+01 1.673412979512230170e-01
9.367499999999999716e-01 4.385368903723068712e+01 1.423457235044313096e-01
9.468799999999999439e-01 4.397801040448639753e+01 1.659461358393138630e-01
9.484600000000000808e-01 4.389159891022751481e+01 1.529764606075065259e-01
9.507600000000000495e-01 4.384527451102754725e+01 1.469047055066651231e-01
9.588600000000000456e-01 4.396429779871172627e+01 1.742116026560802666e-01
9.607399999999999274e-01 4.399025825222657460e+01 1.446844238333898913e-01
9.607499999999999929e-01 4.364941789545745365e+01 1.596320299939833487e-01
9.699999999999999734e-01 4.429483738167637341e+01 2.629451701400883357e-01
9.751999999999999558e-01 4.434320174543882587e+01 1.421076792435932989e-01
9.832999999999999519e-01 4.420398561460451958e+01 1.452673741760344694e-01
9.834100000000000064e-01 4.420139345260126618e+01 1.551220809556137781e-01
9.837700000000000333e-01 4.426821958453199102e+01 1.461570901461848315e-01
9.963999999999999524e-01 4.415836569003096912e+01 1.432191328000557429e-01
9.978100000000000858e-01 4.414552823225577782e+01 9.885949625605017221e-02
1.002790000000000070e+00 4.435139249367997394e+01 1.931861084550335894e-01
1.014000000000000012e+00 4.455336618733373655e+01 2.307170019742801892e-01
1.020000000000000018e+00 4.410851124348106822e+01 1.679948511115742504e-01
1.028789999999999871e+00 4.399572880215695392e+01 1.626320156057840804e-01
1.060799999999999965e+00 4.429944035512798450e+01 1.670416789307387073e-01
1.092000000000000082e+00 4.423803485995005502e+01 2.662228812480249562e-01
1.120000000000000107e+00 4.417428463334318423e+01 1.689793922346745636e-01
1.205999999999999961e+00 4.456877107269633598e+01 3.384876585637945912e-01
1.229999999999999982e+00 4.469194181973470847e+01 1.780284457607828608e-01
1.229999999999999982e+00 4.465034671386553811e+01 1.979793107877689251e-01
1.300000000000000044e+00 4.481824069426850343e+01 1.858453456506242440e-01
1.304999999999999938e+00 4.486550932335963182e+01 2.404550581709604951e-01
1.314999999999999947e+00 4.501282502215165238e+01 2.051578538589249046e-01
1.330000000000000071e+00 4.469200852468060958e+01 1.570183906426250442e-01
1.340000000000000080e+00 4.484048224286040352e+01 1.711264152607656353e-01
1.370000000000000107e+00 4.513495258184881465e+01 1.703535881629735516e-01
1.389999999999999902e+00 4.506823339970377873e+01 2.079923375992490664e-01
1.540000000000000036e+00 4.482193891995758861e+01 2.183184657787792249e-01
1.550000000000000044e+00 4.545573239518922293e+01 1.944263549522029233e-01
1.699999999999999956e+00 4.581366103837564197e+01 2.895356454739209107e-01
1.800000000000000044e+00 4.568033374666335789e+01 1.973673035231519601e-01
1.914000000000000146e+00 4.590755189788007584e+01 2.628943894418441229e-01
2.259999999999999787e+00 4.637557689324495414e+01 2.618237766132022193e-01
